Example trees file.

&plot
x0 = 0
y0 = 0
xmax = 196
ymax = 196
xslope = 0
yslope = 0
bearing = 45
notrees = 1849
/

&aerodyn
zht	=	30
zpd	=	16
z0ht	=	3
/

&xy
xycoords = 0 0
0 4.67
0 9.33
0 14
0 18.67
0 23.33
0 28
0 32.67
0 37.33
0 42
0 46.67
0 51.33
0 56
0 60.67
0 65.33
0 70
0 74.67
0 79.33
0 84
0 88.67
0 93.33
0 98
0 102.67
0 107.33
0 112
0 116.67
0 121.33
0 126
0 130.67
0 135.33
0 140
0 144.67
0 149.33
0 154
0 158.67
0 163.33
0 168
0 172.67
0 177.33
0 182
0 186.67
0 191.33
0 196
4.67 0
4.67 4.67
4.67 9.33
4.67 14
4.67 18.67
4.67 23.33
4.67 28
4.67 32.67
4.67 37.33
4.67 42
4.67 46.67
4.67 51.33
4.67 56
4.67 60.67
4.67 65.33
4.67 70
4.67 74.67
4.67 79.33
4.67 84
4.67 88.67
4.67 93.33
4.67 98
4.67 102.67
4.67 107.33
4.67 112
4.67 116.67
4.67 121.33
4.67 126
4.67 130.67
4.67 135.33
4.67 140
4.67 144.67
4.67 149.33
4.67 154
4.67 158.67
4.67 163.33
4.67 168
4.67 172.67
4.67 177.33
4.67 182
4.67 186.67
4.67 191.33
4.67 196
9.33 0
9.33 4.67
9.33 9.33
9.33 14
9.33 18.67
9.33 23.33
9.33 28
9.33 32.67
9.33 37.33
9.33 42
9.33 46.67
9.33 51.33
9.33 56
9.33 60.67
9.33 65.33
9.33 70
9.33 74.67
9.33 79.33
9.33 84
9.33 88.67
9.33 93.33
9.33 98
9.33 102.67
9.33 107.33
9.33 112
9.33 116.67
9.33 121.33
9.33 126
9.33 130.67
9.33 135.33
9.33 140
9.33 144.67
9.33 149.33
9.33 154
9.33 158.67
9.33 163.33
9.33 168
9.33 172.67
9.33 177.33
9.33 182
9.33 186.67
9.33 191.33
9.33 196
14 0
14 4.67
14 9.33
14 14
14 18.67
14 23.33
14 28
14 32.67
14 37.33
14 42
14 46.67
14 51.33
14 56
14 60.67
14 65.33
14 70
14 74.67
14 79.33
14 84
14 88.67
14 93.33
14 98
14 102.67
14 107.33
14 112
14 116.67
14 121.33
14 126
14 130.67
14 135.33
14 140
14 144.67
14 149.33
14 154
14 158.67
14 163.33
14 168
14 172.67
14 177.33
14 182
14 186.67
14 191.33
14 196
18.67 0
18.67 4.67
18.67 9.33
18.67 14
18.67 18.67
18.67 23.33
18.67 28
18.67 32.67
18.67 37.33
18.67 42
18.67 46.67
18.67 51.33
18.67 56
18.67 60.67
18.67 65.33
18.67 70
18.67 74.67
18.67 79.33
18.67 84
18.67 88.67
18.67 93.33
18.67 98
18.67 102.67
18.67 107.33
18.67 112
18.67 116.67
18.67 121.33
18.67 126
18.67 130.67
18.67 135.33
18.67 140
18.67 144.67
18.67 149.33
18.67 154
18.67 158.67
18.67 163.33
18.67 168
18.67 172.67
18.67 177.33
18.67 182
18.67 186.67
18.67 191.33
18.67 196
23.33 0
23.33 4.67
23.33 9.33
23.33 14
23.33 18.67
23.33 23.33
23.33 28
23.33 32.67
23.33 37.33
23.33 42
23.33 46.67
23.33 51.33
23.33 56
23.33 60.67
23.33 65.33
23.33 70
23.33 74.67
23.33 79.33
23.33 84
23.33 88.67
23.33 93.33
23.33 98
23.33 102.67
23.33 107.33
23.33 112
23.33 116.67
23.33 121.33
23.33 126
23.33 130.67
23.33 135.33
23.33 140
23.33 144.67
23.33 149.33
23.33 154
23.33 158.67
23.33 163.33
23.33 168
23.33 172.67
23.33 177.33
23.33 182
23.33 186.67
23.33 191.33
23.33 196
28 0
28 4.67
28 9.33
28 14
28 18.67
28 23.33
28 28
28 32.67
28 37.33
28 42
28 46.67
28 51.33
28 56
28 60.67
28 65.33
28 70
28 74.67
28 79.33
28 84
28 88.67
28 93.33
28 98
28 102.67
28 107.33
28 112
28 116.67
28 121.33
28 126
28 130.67
28 135.33
28 140
28 144.67
28 149.33
28 154
28 158.67
28 163.33
28 168
28 172.67
28 177.33
28 182
28 186.67
28 191.33
28 196
32.67 0
32.67 4.67
32.67 9.33
32.67 14
32.67 18.67
32.67 23.33
32.67 28
32.67 32.67
32.67 37.33
32.67 42
32.67 46.67
32.67 51.33
32.67 56
32.67 60.67
32.67 65.33
32.67 70
32.67 74.67
32.67 79.33
32.67 84
32.67 88.67
32.67 93.33
32.67 98
32.67 102.67
32.67 107.33
32.67 112
32.67 116.67
32.67 121.33
32.67 126
32.67 130.67
32.67 135.33
32.67 140
32.67 144.67
32.67 149.33
32.67 154
32.67 158.67
32.67 163.33
32.67 168
32.67 172.67
32.67 177.33
32.67 182
32.67 186.67
32.67 191.33
32.67 196
37.33 0
37.33 4.67
37.33 9.33
37.33 14
37.33 18.67
37.33 23.33
37.33 28
37.33 32.67
37.33 37.33
37.33 42
37.33 46.67
37.33 51.33
37.33 56
37.33 60.67
37.33 65.33
37.33 70
37.33 74.67
37.33 79.33
37.33 84
37.33 88.67
37.33 93.33
37.33 98
37.33 102.67
37.33 107.33
37.33 112
37.33 116.67
37.33 121.33
37.33 126
37.33 130.67
37.33 135.33
37.33 140
37.33 144.67
37.33 149.33
37.33 154
37.33 158.67
37.33 163.33
37.33 168
37.33 172.67
37.33 177.33
37.33 182
37.33 186.67
37.33 191.33
37.33 196
42 0
42 4.67
42 9.33
42 14
42 18.67
42 23.33
42 28
42 32.67
42 37.33
42 42
42 46.67
42 51.33
42 56
42 60.67
42 65.33
42 70
42 74.67
42 79.33
42 84
42 88.67
42 93.33
42 98
42 102.67
42 107.33
42 112
42 116.67
42 121.33
42 126
42 130.67
42 135.33
42 140
42 144.67
42 149.33
42 154
42 158.67
42 163.33
42 168
42 172.67
42 177.33
42 182
42 186.67
42 191.33
42 196
46.67 0
46.67 4.67
46.67 9.33
46.67 14
46.67 18.67
46.67 23.33
46.67 28
46.67 32.67
46.67 37.33
46.67 42
46.67 46.67
46.67 51.33
46.67 56
46.67 60.67
46.67 65.33
46.67 70
46.67 74.67
46.67 79.33
46.67 84
46.67 88.67
46.67 93.33
46.67 98
46.67 102.67
46.67 107.33
46.67 112
46.67 116.67
46.67 121.33
46.67 126
46.67 130.67
46.67 135.33
46.67 140
46.67 144.67
46.67 149.33
46.67 154
46.67 158.67
46.67 163.33
46.67 168
46.67 172.67
46.67 177.33
46.67 182
46.67 186.67
46.67 191.33
46.67 196
51.33 0
51.33 4.67
51.33 9.33
51.33 14
51.33 18.67
51.33 23.33
51.33 28
51.33 32.67
51.33 37.33
51.33 42
51.33 46.67
51.33 51.33
51.33 56
51.33 60.67
51.33 65.33
51.33 70
51.33 74.67
51.33 79.33
51.33 84
51.33 88.67
51.33 93.33
51.33 98
51.33 102.67
51.33 107.33
51.33 112
51.33 116.67
51.33 121.33
51.33 126
51.33 130.67
51.33 135.33
51.33 140
51.33 144.67
51.33 149.33
51.33 154
51.33 158.67
51.33 163.33
51.33 168
51.33 172.67
51.33 177.33
51.33 182
51.33 186.67
51.33 191.33
51.33 196
56 0
56 4.67
56 9.33
56 14
56 18.67
56 23.33
56 28
56 32.67
56 37.33
56 42
56 46.67
56 51.33
56 56
56 60.67
56 65.33
56 70
56 74.67
56 79.33
56 84
56 88.67
56 93.33
56 98
56 102.67
56 107.33
56 112
56 116.67
56 121.33
56 126
56 130.67
56 135.33
56 140
56 144.67
56 149.33
56 154
56 158.67
56 163.33
56 168
56 172.67
56 177.33
56 182
56 186.67
56 191.33
56 196
60.67 0
60.67 4.67
60.67 9.33
60.67 14
60.67 18.67
60.67 23.33
60.67 28
60.67 32.67
60.67 37.33
60.67 42
60.67 46.67
60.67 51.33
60.67 56
60.67 60.67
60.67 65.33
60.67 70
60.67 74.67
60.67 79.33
60.67 84
60.67 88.67
60.67 93.33
60.67 98
60.67 102.67
60.67 107.33
60.67 112
60.67 116.67
60.67 121.33
60.67 126
60.67 130.67
60.67 135.33
60.67 140
60.67 144.67
60.67 149.33
60.67 154
60.67 158.67
60.67 163.33
60.67 168
60.67 172.67
60.67 177.33
60.67 182
60.67 186.67
60.67 191.33
60.67 196
65.33 0
65.33 4.67
65.33 9.33
65.33 14
65.33 18.67
65.33 23.33
65.33 28
65.33 32.67
65.33 37.33
65.33 42
65.33 46.67
65.33 51.33
65.33 56
65.33 60.67
65.33 65.33
65.33 70
65.33 74.67
65.33 79.33
65.33 84
65.33 88.67
65.33 93.33
65.33 98
65.33 102.67
65.33 107.33
65.33 112
65.33 116.67
65.33 121.33
65.33 126
65.33 130.67
65.33 135.33
65.33 140
65.33 144.67
65.33 149.33
65.33 154
65.33 158.67
65.33 163.33
65.33 168
65.33 172.67
65.33 177.33
65.33 182
65.33 186.67
65.33 191.33
65.33 196
70 0
70 4.67
70 9.33
70 14
70 18.67
70 23.33
70 28
70 32.67
70 37.33
70 42
70 46.67
70 51.33
70 56
70 60.67
70 65.33
70 70
70 74.67
70 79.33
70 84
70 88.67
70 93.33
70 98
70 102.67
70 107.33
70 112
70 116.67
70 121.33
70 126
70 130.67
70 135.33
70 140
70 144.67
70 149.33
70 154
70 158.67
70 163.33
70 168
70 172.67
70 177.33
70 182
70 186.67
70 191.33
70 196
74.67 0
74.67 4.67
74.67 9.33
74.67 14
74.67 18.67
74.67 23.33
74.67 28
74.67 32.67
74.67 37.33
74.67 42
74.67 46.67
74.67 51.33
74.67 56
74.67 60.67
74.67 65.33
74.67 70
74.67 74.67
74.67 79.33
74.67 84
74.67 88.67
74.67 93.33
74.67 98
74.67 102.67
74.67 107.33
74.67 112
74.67 116.67
74.67 121.33
74.67 126
74.67 130.67
74.67 135.33
74.67 140
74.67 144.67
74.67 149.33
74.67 154
74.67 158.67
74.67 163.33
74.67 168
74.67 172.67
74.67 177.33
74.67 182
74.67 186.67
74.67 191.33
74.67 196
79.33 0
79.33 4.67
79.33 9.33
79.33 14
79.33 18.67
79.33 23.33
79.33 28
79.33 32.67
79.33 37.33
79.33 42
79.33 46.67
79.33 51.33
79.33 56
79.33 60.67
79.33 65.33
79.33 70
79.33 74.67
79.33 79.33
79.33 84
79.33 88.67
79.33 93.33
79.33 98
79.33 102.67
79.33 107.33
79.33 112
79.33 116.67
79.33 121.33
79.33 126
79.33 130.67
79.33 135.33
79.33 140
79.33 144.67
79.33 149.33
79.33 154
79.33 158.67
79.33 163.33
79.33 168
79.33 172.67
79.33 177.33
79.33 182
79.33 186.67
79.33 191.33
79.33 196
84 0
84 4.67
84 9.33
84 14
84 18.67
84 23.33
84 28
84 32.67
84 37.33
84 42
84 46.67
84 51.33
84 56
84 60.67
84 65.33
84 70
84 74.67
84 79.33
84 84
84 88.67
84 93.33
84 98
84 102.67
84 107.33
84 112
84 116.67
84 121.33
84 126
84 130.67
84 135.33
84 140
84 144.67
84 149.33
84 154
84 158.67
84 163.33
84 168
84 172.67
84 177.33
84 182
84 186.67
84 191.33
84 196
88.67 0
88.67 4.67
88.67 9.33
88.67 14
88.67 18.67
88.67 23.33
88.67 28
88.67 32.67
88.67 37.33
88.67 42
88.67 46.67
88.67 51.33
88.67 56
88.67 60.67
88.67 65.33
88.67 70
88.67 74.67
88.67 79.33
88.67 84
88.67 88.67
88.67 93.33
88.67 98
88.67 102.67
88.67 107.33
88.67 112
88.67 116.67
88.67 121.33
88.67 126
88.67 130.67
88.67 135.33
88.67 140
88.67 144.67
88.67 149.33
88.67 154
88.67 158.67
88.67 163.33
88.67 168
88.67 172.67
88.67 177.33
88.67 182
88.67 186.67
88.67 191.33
88.67 196
93.33 0
93.33 4.67
93.33 9.33
93.33 14
93.33 18.67
93.33 23.33
93.33 28
93.33 32.67
93.33 37.33
93.33 42
93.33 46.67
93.33 51.33
93.33 56
93.33 60.67
93.33 65.33
93.33 70
93.33 74.67
93.33 79.33
93.33 84
93.33 88.67
93.33 93.33
93.33 98
93.33 102.67
93.33 107.33
93.33 112
93.33 116.67
93.33 121.33
93.33 126
93.33 130.67
93.33 135.33
93.33 140
93.33 144.67
93.33 149.33
93.33 154
93.33 158.67
93.33 163.33
93.33 168
93.33 172.67
93.33 177.33
93.33 182
93.33 186.67
93.33 191.33
93.33 196
98 0
98 4.67
98 9.33
98 14
98 18.67
98 23.33
98 28
98 32.67
98 37.33
98 42
98 46.67
98 51.33
98 56
98 60.67
98 65.33
98 70
98 74.67
98 79.33
98 84
98 88.67
98 93.33
98 98
98 102.67
98 107.33
98 112
98 116.67
98 121.33
98 126
98 130.67
98 135.33
98 140
98 144.67
98 149.33
98 154
98 158.67
98 163.33
98 168
98 172.67
98 177.33
98 182
98 186.67
98 191.33
98 196
102.67 0
102.67 4.67
102.67 9.33
102.67 14
102.67 18.67
102.67 23.33
102.67 28
102.67 32.67
102.67 37.33
102.67 42
102.67 46.67
102.67 51.33
102.67 56
102.67 60.67
102.67 65.33
102.67 70
102.67 74.67
102.67 79.33
102.67 84
102.67 88.67
102.67 93.33
102.67 98
102.67 102.67
102.67 107.33
102.67 112
102.67 116.67
102.67 121.33
102.67 126
102.67 130.67
102.67 135.33
102.67 140
102.67 144.67
102.67 149.33
102.67 154
102.67 158.67
102.67 163.33
102.67 168
102.67 172.67
102.67 177.33
102.67 182
102.67 186.67
102.67 191.33
102.67 196
107.33 0
107.33 4.67
107.33 9.33
107.33 14
107.33 18.67
107.33 23.33
107.33 28
107.33 32.67
107.33 37.33
107.33 42
107.33 46.67
107.33 51.33
107.33 56
107.33 60.67
107.33 65.33
107.33 70
107.33 74.67
107.33 79.33
107.33 84
107.33 88.67
107.33 93.33
107.33 98
107.33 102.67
107.33 107.33
107.33 112
107.33 116.67
107.33 121.33
107.33 126
107.33 130.67
107.33 135.33
107.33 140
107.33 144.67
107.33 149.33
107.33 154
107.33 158.67
107.33 163.33
107.33 168
107.33 172.67
107.33 177.33
107.33 182
107.33 186.67
107.33 191.33
107.33 196
112 0
112 4.67
112 9.33
112 14
112 18.67
112 23.33
112 28
112 32.67
112 37.33
112 42
112 46.67
112 51.33
112 56
112 60.67
112 65.33
112 70
112 74.67
112 79.33
112 84
112 88.67
112 93.33
112 98
112 102.67
112 107.33
112 112
112 116.67
112 121.33
112 126
112 130.67
112 135.33
112 140
112 144.67
112 149.33
112 154
112 158.67
112 163.33
112 168
112 172.67
112 177.33
112 182
112 186.67
112 191.33
112 196
116.67 0
116.67 4.67
116.67 9.33
116.67 14
116.67 18.67
116.67 23.33
116.67 28
116.67 32.67
116.67 37.33
116.67 42
116.67 46.67
116.67 51.33
116.67 56
116.67 60.67
116.67 65.33
116.67 70
116.67 74.67
116.67 79.33
116.67 84
116.67 88.67
116.67 93.33
116.67 98
116.67 102.67
116.67 107.33
116.67 112
116.67 116.67
116.67 121.33
116.67 126
116.67 130.67
116.67 135.33
116.67 140
116.67 144.67
116.67 149.33
116.67 154
116.67 158.67
116.67 163.33
116.67 168
116.67 172.67
116.67 177.33
116.67 182
116.67 186.67
116.67 191.33
116.67 196
121.33 0
121.33 4.67
121.33 9.33
121.33 14
121.33 18.67
121.33 23.33
121.33 28
121.33 32.67
121.33 37.33
121.33 42
121.33 46.67
121.33 51.33
121.33 56
121.33 60.67
121.33 65.33
121.33 70
121.33 74.67
121.33 79.33
121.33 84
121.33 88.67
121.33 93.33
121.33 98
121.33 102.67
121.33 107.33
121.33 112
121.33 116.67
121.33 121.33
121.33 126
121.33 130.67
121.33 135.33
121.33 140
121.33 144.67
121.33 149.33
121.33 154
121.33 158.67
121.33 163.33
121.33 168
121.33 172.67
121.33 177.33
121.33 182
121.33 186.67
121.33 191.33
121.33 196
126 0
126 4.67
126 9.33
126 14
126 18.67
126 23.33
126 28
126 32.67
126 37.33
126 42
126 46.67
126 51.33
126 56
126 60.67
126 65.33
126 70
126 74.67
126 79.33
126 84
126 88.67
126 93.33
126 98
126 102.67
126 107.33
126 112
126 116.67
126 121.33
126 126
126 130.67
126 135.33
126 140
126 144.67
126 149.33
126 154
126 158.67
126 163.33
126 168
126 172.67
126 177.33
126 182
126 186.67
126 191.33
126 196
130.67 0
130.67 4.67
130.67 9.33
130.67 14
130.67 18.67
130.67 23.33
130.67 28
130.67 32.67
130.67 37.33
130.67 42
130.67 46.67
130.67 51.33
130.67 56
130.67 60.67
130.67 65.33
130.67 70
130.67 74.67
130.67 79.33
130.67 84
130.67 88.67
130.67 93.33
130.67 98
130.67 102.67
130.67 107.33
130.67 112
130.67 116.67
130.67 121.33
130.67 126
130.67 130.67
130.67 135.33
130.67 140
130.67 144.67
130.67 149.33
130.67 154
130.67 158.67
130.67 163.33
130.67 168
130.67 172.67
130.67 177.33
130.67 182
130.67 186.67
130.67 191.33
130.67 196
135.33 0
135.33 4.67
135.33 9.33
135.33 14
135.33 18.67
135.33 23.33
135.33 28
135.33 32.67
135.33 37.33
135.33 42
135.33 46.67
135.33 51.33
135.33 56
135.33 60.67
135.33 65.33
135.33 70
135.33 74.67
135.33 79.33
135.33 84
135.33 88.67
135.33 93.33
135.33 98
135.33 102.67
135.33 107.33
135.33 112
135.33 116.67
135.33 121.33
135.33 126
135.33 130.67
135.33 135.33
135.33 140
135.33 144.67
135.33 149.33
135.33 154
135.33 158.67
135.33 163.33
135.33 168
135.33 172.67
135.33 177.33
135.33 182
135.33 186.67
135.33 191.33
135.33 196
140 0
140 4.67
140 9.33
140 14
140 18.67
140 23.33
140 28
140 32.67
140 37.33
140 42
140 46.67
140 51.33
140 56
140 60.67
140 65.33
140 70
140 74.67
140 79.33
140 84
140 88.67
140 93.33
140 98
140 102.67
140 107.33
140 112
140 116.67
140 121.33
140 126
140 130.67
140 135.33
140 140
140 144.67
140 149.33
140 154
140 158.67
140 163.33
140 168
140 172.67
140 177.33
140 182
140 186.67
140 191.33
140 196
144.67 0
144.67 4.67
144.67 9.33
144.67 14
144.67 18.67
144.67 23.33
144.67 28
144.67 32.67
144.67 37.33
144.67 42
144.67 46.67
144.67 51.33
144.67 56
144.67 60.67
144.67 65.33
144.67 70
144.67 74.67
144.67 79.33
144.67 84
144.67 88.67
144.67 93.33
144.67 98
144.67 102.67
144.67 107.33
144.67 112
144.67 116.67
144.67 121.33
144.67 126
144.67 130.67
144.67 135.33
144.67 140
144.67 144.67
144.67 149.33
144.67 154
144.67 158.67
144.67 163.33
144.67 168
144.67 172.67
144.67 177.33
144.67 182
144.67 186.67
144.67 191.33
144.67 196
149.33 0
149.33 4.67
149.33 9.33
149.33 14
149.33 18.67
149.33 23.33
149.33 28
149.33 32.67
149.33 37.33
149.33 42
149.33 46.67
149.33 51.33
149.33 56
149.33 60.67
149.33 65.33
149.33 70
149.33 74.67
149.33 79.33
149.33 84
149.33 88.67
149.33 93.33
149.33 98
149.33 102.67
149.33 107.33
149.33 112
149.33 116.67
149.33 121.33
149.33 126
149.33 130.67
149.33 135.33
149.33 140
149.33 144.67
149.33 149.33
149.33 154
149.33 158.67
149.33 163.33
149.33 168
149.33 172.67
149.33 177.33
149.33 182
149.33 186.67
149.33 191.33
149.33 196
154 0
154 4.67
154 9.33
154 14
154 18.67
154 23.33
154 28
154 32.67
154 37.33
154 42
154 46.67
154 51.33
154 56
154 60.67
154 65.33
154 70
154 74.67
154 79.33
154 84
154 88.67
154 93.33
154 98
154 102.67
154 107.33
154 112
154 116.67
154 121.33
154 126
154 130.67
154 135.33
154 140
154 144.67
154 149.33
154 154
154 158.67
154 163.33
154 168
154 172.67
154 177.33
154 182
154 186.67
154 191.33
154 196
158.67 0
158.67 4.67
158.67 9.33
158.67 14
158.67 18.67
158.67 23.33
158.67 28
158.67 32.67
158.67 37.33
158.67 42
158.67 46.67
158.67 51.33
158.67 56
158.67 60.67
158.67 65.33
158.67 70
158.67 74.67
158.67 79.33
158.67 84
158.67 88.67
158.67 93.33
158.67 98
158.67 102.67
158.67 107.33
158.67 112
158.67 116.67
158.67 121.33
158.67 126
158.67 130.67
158.67 135.33
158.67 140
158.67 144.67
158.67 149.33
158.67 154
158.67 158.67
158.67 163.33
158.67 168
158.67 172.67
158.67 177.33
158.67 182
158.67 186.67
158.67 191.33
158.67 196
163.33 0
163.33 4.67
163.33 9.33
163.33 14
163.33 18.67
163.33 23.33
163.33 28
163.33 32.67
163.33 37.33
163.33 42
163.33 46.67
163.33 51.33
163.33 56
163.33 60.67
163.33 65.33
163.33 70
163.33 74.67
163.33 79.33
163.33 84
163.33 88.67
163.33 93.33
163.33 98
163.33 102.67
163.33 107.33
163.33 112
163.33 116.67
163.33 121.33
163.33 126
163.33 130.67
163.33 135.33
163.33 140
163.33 144.67
163.33 149.33
163.33 154
163.33 158.67
163.33 163.33
163.33 168
163.33 172.67
163.33 177.33
163.33 182
163.33 186.67
163.33 191.33
163.33 196
168 0
168 4.67
168 9.33
168 14
168 18.67
168 23.33
168 28
168 32.67
168 37.33
168 42
168 46.67
168 51.33
168 56
168 60.67
168 65.33
168 70
168 74.67
168 79.33
168 84
168 88.67
168 93.33
168 98
168 102.67
168 107.33
168 112
168 116.67
168 121.33
168 126
168 130.67
168 135.33
168 140
168 144.67
168 149.33
168 154
168 158.67
168 163.33
168 168
168 172.67
168 177.33
168 182
168 186.67
168 191.33
168 196
172.67 0
172.67 4.67
172.67 9.33
172.67 14
172.67 18.67
172.67 23.33
172.67 28
172.67 32.67
172.67 37.33
172.67 42
172.67 46.67
172.67 51.33
172.67 56
172.67 60.67
172.67 65.33
172.67 70
172.67 74.67
172.67 79.33
172.67 84
172.67 88.67
172.67 93.33
172.67 98
172.67 102.67
172.67 107.33
172.67 112
172.67 116.67
172.67 121.33
172.67 126
172.67 130.67
172.67 135.33
172.67 140
172.67 144.67
172.67 149.33
172.67 154
172.67 158.67
172.67 163.33
172.67 168
172.67 172.67
172.67 177.33
172.67 182
172.67 186.67
172.67 191.33
172.67 196
177.33 0
177.33 4.67
177.33 9.33
177.33 14
177.33 18.67
177.33 23.33
177.33 28
177.33 32.67
177.33 37.33
177.33 42
177.33 46.67
177.33 51.33
177.33 56
177.33 60.67
177.33 65.33
177.33 70
177.33 74.67
177.33 79.33
177.33 84
177.33 88.67
177.33 93.33
177.33 98
177.33 102.67
177.33 107.33
177.33 112
177.33 116.67
177.33 121.33
177.33 126
177.33 130.67
177.33 135.33
177.33 140
177.33 144.67
177.33 149.33
177.33 154
177.33 158.67
177.33 163.33
177.33 168
177.33 172.67
177.33 177.33
177.33 182
177.33 186.67
177.33 191.33
177.33 196
182 0
182 4.67
182 9.33
182 14
182 18.67
182 23.33
182 28
182 32.67
182 37.33
182 42
182 46.67
182 51.33
182 56
182 60.67
182 65.33
182 70
182 74.67
182 79.33
182 84
182 88.67
182 93.33
182 98
182 102.67
182 107.33
182 112
182 116.67
182 121.33
182 126
182 130.67
182 135.33
182 140
182 144.67
182 149.33
182 154
182 158.67
182 163.33
182 168
182 172.67
182 177.33
182 182
182 186.67
182 191.33
182 196
186.67 0
186.67 4.67
186.67 9.33
186.67 14
186.67 18.67
186.67 23.33
186.67 28
186.67 32.67
186.67 37.33
186.67 42
186.67 46.67
186.67 51.33
186.67 56
186.67 60.67
186.67 65.33
186.67 70
186.67 74.67
186.67 79.33
186.67 84
186.67 88.67
186.67 93.33
186.67 98
186.67 102.67
186.67 107.33
186.67 112
186.67 116.67
186.67 121.33
186.67 126
186.67 130.67
186.67 135.33
186.67 140
186.67 144.67
186.67 149.33
186.67 154
186.67 158.67
186.67 163.33
186.67 168
186.67 172.67
186.67 177.33
186.67 182
186.67 186.67
186.67 191.33
186.67 196
191.33 0
191.33 4.67
191.33 9.33
191.33 14
191.33 18.67
191.33 23.33
191.33 28
191.33 32.67
191.33 37.33
191.33 42
191.33 46.67
191.33 51.33
191.33 56
191.33 60.67
191.33 65.33
191.33 70
191.33 74.67
191.33 79.33
191.33 84
191.33 88.67
191.33 93.33
191.33 98
191.33 102.67
191.33 107.33
191.33 112
191.33 116.67
191.33 121.33
191.33 126
191.33 130.67
191.33 135.33
191.33 140
191.33 144.67
191.33 149.33
191.33 154
191.33 158.67
191.33 163.33
191.33 168
191.33 172.67
191.33 177.33
191.33 182
191.33 186.67
191.33 191.33
191.33 196
196 0
196 4.67
196 9.33
196 14
196 18.67
196 23.33
196 28
196 32.67
196 37.33
196 42
196 46.67
196 51.33
196 56
196 60.67
196 65.33
196 70
196 74.67
196 79.33
196 84
196 88.67
196 93.33
196 98
196 102.67
196 107.33
196 112
196 116.67
196 121.33
196 126
196 130.67
196 135.33
196 140
196 144.67
196 149.33
196 154
196 158.67
196 163.33
196 168
196 172.67
196 177.33
196 182
196 186.67
196 191.33
196 196

/

crown	radius	in	the	x-direction.
&indivradx
nodates = 1
values = 13
13
13
13
13
13
13
13
13
13
13
13
13
13
13
13
13
13
13
13
13
13
13
13
13
13
13
13
13
13
13
13
13
13
13
13
13
13
13
13
13
13
13
13
13
13
13
13
13
13
13
13
13
13
13
13
13
13
13
13
13
13
13
13
13
13
13
13
13
13
13
13
13
13
13
13
13
13
13
13
13
13
13
13
13
13
13
13
2.5439045
2.5439045
2.5439045
2.5439045
2.5439045
2.5439045
2.5439045
2.5439045
2.5439045
2.5439045
2.5439045
2.5439045
2.5439045
2.5439045
2.5439045
2.5439045
2.5439045
2.5439045
2.5439045
2.5439045
2.5439045
2.5439045
2.5439045
2.5439045
2.5439045
2.5439045
2.5439045
2.5439045
2.5439045
2.5439045
2.5439045
2.5439045
2.5439045
2.5439045
2.5439045
2.5439045
2.5439045
2.5439045
2.5439045
13
13
13
13
2.5439045
2.5439045
2.5439045
2.5439045
2.5439045
2.5439045
2.5439045
2.5439045
2.5439045
2.5439045
2.5439045
2.5439045
2.5439045
2.5439045
2.5439045
2.5439045
2.5439045
2.5439045
2.5439045
2.5439045
2.5439045
2.5439045
2.5439045
2.5439045
2.5439045
2.5439045
2.5439045
2.5439045
2.5439045
2.5439045
2.5439045
2.5439045
2.5439045
2.5439045
2.5439045
2.5439045
2.5439045
2.5439045
2.5439045
13
13
13
13
2.5439045
2.5439045
2.5439045
2.5439045
2.5439045
2.5439045
2.5439045
2.5439045
2.5439045
2.5439045
2.5439045
2.5439045
2.5439045
2.5439045
2.5439045
2.5439045
2.5439045
2.5439045
2.5439045
2.5439045
2.5439045
2.5439045
2.5439045
2.5439045
2.5439045
2.5439045
2.5439045
2.5439045
2.5439045
2.5439045
2.5439045
2.5439045
2.5439045
2.5439045
2.5439045
2.5439045
2.5439045
2.5439045
2.5439045
13
13
13
13
2.5439045
2.5439045
2.5439045
2.5439045
2.5439045
2.5439045
2.5439045
2.5439045
2.5439045
2.5439045
2.5439045
2.5439045
2.5439045
2.5439045
2.5439045
2.5439045
2.5439045
2.5439045
2.5439045
2.5439045
2.5439045
2.5439045
2.5439045
2.5439045
2.5439045
2.5439045
2.5439045
2.5439045
2.5439045
2.5439045
2.5439045
2.5439045
2.5439045
2.5439045
2.5439045
2.5439045
2.5439045
2.5439045
2.5439045
13
13
13
13
2.5439045
2.5439045
2.5439045
2.5439045
2.5439045
2.5439045
2.5439045
2.5439045
2.5439045
2.5439045
2.5439045
2.5439045
2.5439045
2.5439045
2.5439045
2.5439045
2.5439045
2.5439045
2.5439045
2.5439045
2.5439045
2.5439045
2.5439045
2.5439045
2.5439045
2.5439045
2.5439045
2.5439045
2.5439045
2.5439045
2.5439045
2.5439045
2.5439045
2.5439045
2.5439045
2.5439045
2.5439045
2.5439045
2.5439045
13
13
13
13
2.5439045
2.5439045
2.5439045
2.5439045
2.5439045
2.5439045
2.5439045
2.5439045
2.5439045
2.5439045
2.5439045
2.5439045
2.5439045
2.5439045
2.5439045
2.5439045
2.5439045
2.5439045
2.5439045
2.5439045
2.5439045
2.5439045
2.5439045
2.5439045
2.5439045
2.5439045
2.5439045
2.5439045
2.5439045
2.5439045
2.5439045
2.5439045
2.5439045
2.5439045
2.5439045
2.5439045
2.5439045
2.5439045
2.5439045
13
13
13
13
2.5439045
2.5439045
2.5439045
2.5439045
2.5439045
2.5439045
2.5439045
2.5439045
2.5439045
2.5439045
2.5439045
2.5439045
2.5439045
2.5439045
2.5439045
2.5439045
2.5439045
2.5439045
2.5439045
2.5439045
2.5439045
2.5439045
2.5439045
2.5439045
2.5439045
2.5439045
2.5439045
2.5439045
2.5439045
2.5439045
2.5439045
2.5439045
2.5439045
2.5439045
2.5439045
2.5439045
2.5439045
2.5439045
2.5439045
13
13
13
13
2.5439045
2.5439045
2.5439045
2.5439045
2.5439045
2.5439045
2.5439045
2.5439045
2.5439045
2.5439045
2.5439045
2.5439045
2.5439045
2.5439045
2.5439045
2.5439045
2.5439045
2.5439045
2.5439045
2.5439045
2.5439045
2.5439045
2.5439045
2.5439045
2.5439045
2.5439045
2.5439045
2.5439045
2.5439045
2.5439045
2.5439045
2.5439045
2.5439045
2.5439045
2.5439045
2.5439045
2.5439045
2.5439045
2.5439045
13
13
13
13
2.5439045
2.5439045
2.5439045
2.5439045
2.5439045
2.5439045
2.5439045
2.5439045
2.5439045
2.5439045
2.5439045
2.5439045
2.5439045
2.5439045
2.5439045
2.5439045
2.5439045
2.5439045
2.5439045
2.5439045
2.5439045
2.5439045
2.5439045
2.5439045
2.5439045
2.5439045
2.5439045
2.5439045
2.5439045
2.5439045
2.5439045
2.5439045
2.5439045
2.5439045
2.5439045
2.5439045
2.5439045
2.5439045
2.5439045
13
13
13
13
2.5439045
2.5439045
2.5439045
2.5439045
2.5439045
2.5439045
2.5439045
2.5439045
2.5439045
2.5439045
2.5439045
2.5439045
2.5439045
2.5439045
2.5439045
2.5439045
2.5439045
2.5439045
2.5439045
2.5439045
2.5439045
2.5439045
2.5439045
2.5439045
2.5439045
2.5439045
2.5439045
2.5439045
2.5439045
2.5439045
2.5439045
2.5439045
2.5439045
2.5439045
2.5439045
2.5439045
2.5439045
2.5439045
2.5439045
13
13
13
13
2.5439045
2.5439045
2.5439045
2.5439045
2.5439045
2.5439045
2.5439045
2.5439045
2.5439045
2.5439045
2.5439045
2.5439045
2.5439045
2.5439045
2.5439045
2.5439045
2.5439045
2.5439045
2.5439045
2.5439045
2.5439045
2.5439045
2.5439045
2.5439045
2.5439045
2.5439045
2.5439045
2.5439045
2.5439045
2.5439045
2.5439045
2.5439045
2.5439045
2.5439045
2.5439045
2.5439045
2.5439045
2.5439045
2.5439045
13
13
13
13
2.5439045
2.5439045
2.5439045
2.5439045
2.5439045
2.5439045
2.5439045
2.5439045
2.5439045
2.5439045
2.5439045
2.5439045
2.5439045
2.5439045
2.5439045
2.5439045
2.5439045
2.5439045
2.5439045
2.5439045
2.5439045
2.5439045
2.5439045
2.5439045
2.5439045
2.5439045
2.5439045
2.5439045
2.5439045
2.5439045
2.5439045
2.5439045
2.5439045
2.5439045
2.5439045
2.5439045
2.5439045
2.5439045
2.5439045
13
13
13
13
2.5439045
2.5439045
2.5439045
2.5439045
2.5439045
2.5439045
2.5439045
2.5439045
2.5439045
2.5439045
2.5439045
2.5439045
2.5439045
2.5439045
2.5439045
2.5439045
2.5439045
2.5439045
2.5439045
2.5439045
2.5439045
2.5439045
2.5439045
2.5439045
2.5439045
2.5439045
2.5439045
2.5439045
2.5439045
2.5439045
2.5439045
2.5439045
2.5439045
2.5439045
2.5439045
2.5439045
2.5439045
2.5439045
2.5439045
13
13
13
13
2.5439045
2.5439045
2.5439045
2.5439045
2.5439045
2.5439045
2.5439045
2.5439045
2.5439045
2.5439045
2.5439045
2.5439045
2.5439045
2.5439045
2.5439045
2.5439045
2.5439045
2.5439045
2.5439045
2.5439045
2.5439045
2.5439045
2.5439045
2.5439045
2.5439045
2.5439045
2.5439045
2.5439045
2.5439045
2.5439045
2.5439045
2.5439045
2.5439045
2.5439045
2.5439045
2.5439045
2.5439045
2.5439045
2.5439045
13
13
13
13
2.5439045
2.5439045
2.5439045
2.5439045
2.5439045
2.5439045
2.5439045
2.5439045
2.5439045
2.5439045
2.5439045
2.5439045
2.5439045
2.5439045
2.5439045
2.5439045
2.5439045
2.5439045
2.5439045
2.5439045
2.5439045
2.5439045
2.5439045
2.5439045
2.5439045
2.5439045
2.5439045
2.5439045
2.5439045
2.5439045
2.5439045
2.5439045
2.5439045
2.5439045
2.5439045
2.5439045
2.5439045
2.5439045
2.5439045
13
13
13
13
2.5439045
2.5439045
2.5439045
2.5439045
2.5439045
2.5439045
2.5439045
2.5439045
2.5439045
2.5439045
2.5439045
2.5439045
2.5439045
2.5439045
2.5439045
2.5439045
2.5439045
2.5439045
2.5439045
2.5439045
2.5439045
2.5439045
2.5439045
2.5439045
2.5439045
2.5439045
2.5439045
2.5439045
2.5439045
2.5439045
2.5439045
2.5439045
2.5439045
2.5439045
2.5439045
2.5439045
2.5439045
2.5439045
2.5439045
13
13
13
13
2.5439045
2.5439045
2.5439045
2.5439045
2.5439045
2.5439045
2.5439045
2.5439045
2.5439045
2.5439045
2.5439045
2.5439045
2.5439045
2.5439045
2.5439045
2.5439045
2.5439045
2.5439045
2.5439045
2.5439045
2.5439045
2.5439045
2.5439045
2.5439045
2.5439045
2.5439045
2.5439045
2.5439045
2.5439045
2.5439045
2.5439045
2.5439045
2.5439045
2.5439045
2.5439045
2.5439045
2.5439045
2.5439045
2.5439045
13
13
13
13
2.5439045
2.5439045
2.5439045
2.5439045
2.5439045
2.5439045
2.5439045
2.5439045
2.5439045
2.5439045
2.5439045
2.5439045
2.5439045
2.5439045
2.5439045
2.5439045
2.5439045
2.5439045
2.5439045
2.5439045
2.5439045
2.5439045
2.5439045
2.5439045
2.5439045
2.5439045
2.5439045
2.5439045
2.5439045
2.5439045
2.5439045
2.5439045
2.5439045
2.5439045
2.5439045
2.5439045
2.5439045
2.5439045
2.5439045
13
13
13
13
2.5439045
2.5439045
2.5439045
2.5439045
2.5439045
2.5439045
2.5439045
2.5439045
2.5439045
2.5439045
2.5439045
2.5439045
2.5439045
2.5439045
2.5439045
2.5439045
2.5439045
2.5439045
2.5439045
2.5439045
2.5439045
2.5439045
2.5439045
2.5439045
2.5439045
2.5439045
2.5439045
2.5439045
2.5439045
2.5439045
2.5439045
2.5439045
2.5439045
2.5439045
2.5439045
2.5439045
2.5439045
2.5439045
2.5439045
13
13
13
13
2.5439045
2.5439045
2.5439045
2.5439045
2.5439045
2.5439045
2.5439045
2.5439045
2.5439045
2.5439045
2.5439045
2.5439045
2.5439045
2.5439045
2.5439045
2.5439045
2.5439045
2.5439045
2.5439045
2.5439045
2.5439045
2.5439045
2.5439045
2.5439045
2.5439045
2.5439045
2.5439045
2.5439045
2.5439045
2.5439045
2.5439045
2.5439045
2.5439045
2.5439045
2.5439045
2.5439045
2.5439045
2.5439045
2.5439045
13
13
13
13
2.5439045
2.5439045
2.5439045
2.5439045
2.5439045
2.5439045
2.5439045
2.5439045
2.5439045
2.5439045
2.5439045
2.5439045
2.5439045
2.5439045
2.5439045
2.5439045
2.5439045
2.5439045
2.5439045
2.5439045
2.5439045
2.5439045
2.5439045
2.5439045
2.5439045
2.5439045
2.5439045
2.5439045
2.5439045
2.5439045
2.5439045
2.5439045
2.5439045
2.5439045
2.5439045
2.5439045
2.5439045
2.5439045
2.5439045
13
13
13
13
2.5439045
2.5439045
2.5439045
2.5439045
2.5439045
2.5439045
2.5439045
2.5439045
2.5439045
2.5439045
2.5439045
2.5439045
2.5439045
2.5439045
2.5439045
2.5439045
2.5439045
2.5439045
2.5439045
2.5439045
2.5439045
2.5439045
2.5439045
2.5439045
2.5439045
2.5439045
2.5439045
2.5439045
2.5439045
2.5439045
2.5439045
2.5439045
2.5439045
2.5439045
2.5439045
2.5439045
2.5439045
2.5439045
2.5439045
13
13
13
13
2.5439045
2.5439045
2.5439045
2.5439045
2.5439045
2.5439045
2.5439045
2.5439045
2.5439045
2.5439045
2.5439045
2.5439045
2.5439045
2.5439045
2.5439045
2.5439045
2.5439045
2.5439045
2.5439045
2.5439045
2.5439045
2.5439045
2.5439045
2.5439045
2.5439045
2.5439045
2.5439045
2.5439045
2.5439045
2.5439045
2.5439045
2.5439045
2.5439045
2.5439045
2.5439045
2.5439045
2.5439045
2.5439045
2.5439045
13
13
13
13
2.5439045
2.5439045
2.5439045
2.5439045
2.5439045
2.5439045
2.5439045
2.5439045
2.5439045
2.5439045
2.5439045
2.5439045
2.5439045
2.5439045
2.5439045
2.5439045
2.5439045
2.5439045
2.5439045
2.5439045
2.5439045
2.5439045
2.5439045
2.5439045
2.5439045
2.5439045
2.5439045
2.5439045
2.5439045
2.5439045
2.5439045
2.5439045
2.5439045
2.5439045
2.5439045
2.5439045
2.5439045
2.5439045
2.5439045
13
13
13
13
2.5439045
2.5439045
2.5439045
2.5439045
2.5439045
2.5439045
2.5439045
2.5439045
2.5439045
2.5439045
2.5439045
2.5439045
2.5439045
2.5439045
2.5439045
2.5439045
2.5439045
2.5439045
2.5439045
2.5439045
2.5439045
2.5439045
2.5439045
2.5439045
2.5439045
2.5439045
2.5439045
2.5439045
2.5439045
2.5439045
2.5439045
2.5439045
2.5439045
2.5439045
2.5439045
2.5439045
2.5439045
2.5439045
2.5439045
13
13
13
13
2.5439045
2.5439045
2.5439045
2.5439045
2.5439045
2.5439045
2.5439045
2.5439045
2.5439045
2.5439045
2.5439045
2.5439045
2.5439045
2.5439045
2.5439045
2.5439045
2.5439045
2.5439045
2.5439045
2.5439045
2.5439045
2.5439045
2.5439045
2.5439045
2.5439045
2.5439045
2.5439045
2.5439045
2.5439045
2.5439045
2.5439045
2.5439045
2.5439045
2.5439045
2.5439045
2.5439045
2.5439045
2.5439045
2.5439045
13
13
13
13
2.5439045
2.5439045
2.5439045
2.5439045
2.5439045
2.5439045
2.5439045
2.5439045
2.5439045
2.5439045
2.5439045
2.5439045
2.5439045
2.5439045
2.5439045
2.5439045
2.5439045
2.5439045
2.5439045
2.5439045
2.5439045
2.5439045
2.5439045
2.5439045
2.5439045
2.5439045
2.5439045
2.5439045
2.5439045
2.5439045
2.5439045
2.5439045
2.5439045
2.5439045
2.5439045
2.5439045
2.5439045
2.5439045
2.5439045
13
13
13
13
2.5439045
2.5439045
2.5439045
2.5439045
2.5439045
2.5439045
2.5439045
2.5439045
2.5439045
2.5439045
2.5439045
2.5439045
2.5439045
2.5439045
2.5439045
2.5439045
2.5439045
2.5439045
2.5439045
2.5439045
2.5439045
2.5439045
2.5439045
2.5439045
2.5439045
2.5439045
2.5439045
2.5439045
2.5439045
2.5439045
2.5439045
2.5439045
2.5439045
2.5439045
2.5439045
2.5439045
2.5439045
2.5439045
2.5439045
13
13
13
13
2.5439045
2.5439045
2.5439045
2.5439045
2.5439045
2.5439045
2.5439045
2.5439045
2.5439045
2.5439045
2.5439045
2.5439045
2.5439045
2.5439045
2.5439045
2.5439045
2.5439045
2.5439045
2.5439045
2.5439045
2.5439045
2.5439045
2.5439045
2.5439045
2.5439045
2.5439045
2.5439045
2.5439045
2.5439045
2.5439045
2.5439045
2.5439045
2.5439045
2.5439045
2.5439045
2.5439045
2.5439045
2.5439045
2.5439045
13
13
13
13
2.5439045
2.5439045
2.5439045
2.5439045
2.5439045
2.5439045
2.5439045
2.5439045
2.5439045
2.5439045
2.5439045
2.5439045
2.5439045
2.5439045
2.5439045
2.5439045
2.5439045
2.5439045
2.5439045
2.5439045
2.5439045
2.5439045
2.5439045
2.5439045
2.5439045
2.5439045
2.5439045
2.5439045
2.5439045
2.5439045
2.5439045
2.5439045
2.5439045
2.5439045
2.5439045
2.5439045
2.5439045
2.5439045
2.5439045
13
13
13
13
2.5439045
2.5439045
2.5439045
2.5439045
2.5439045
2.5439045
2.5439045
2.5439045
2.5439045
2.5439045
2.5439045
2.5439045
2.5439045
2.5439045
2.5439045
2.5439045
2.5439045
2.5439045
2.5439045
2.5439045
2.5439045
2.5439045
2.5439045
2.5439045
2.5439045
2.5439045
2.5439045
2.5439045
2.5439045
2.5439045
2.5439045
2.5439045
2.5439045
2.5439045
2.5439045
2.5439045
2.5439045
2.5439045
2.5439045
13
13
13
13
2.5439045
2.5439045
2.5439045
2.5439045
2.5439045
2.5439045
2.5439045
2.5439045
2.5439045
2.5439045
2.5439045
2.5439045
2.5439045
2.5439045
2.5439045
2.5439045
2.5439045
2.5439045
2.5439045
2.5439045
2.5439045
2.5439045
2.5439045
2.5439045
2.5439045
2.5439045
2.5439045
2.5439045
2.5439045
2.5439045
2.5439045
2.5439045
2.5439045
2.5439045
2.5439045
2.5439045
2.5439045
2.5439045
2.5439045
13
13
13
13
2.5439045
2.5439045
2.5439045
2.5439045
2.5439045
2.5439045
2.5439045
2.5439045
2.5439045
2.5439045
2.5439045
2.5439045
2.5439045
2.5439045
2.5439045
2.5439045
2.5439045
2.5439045
2.5439045
2.5439045
2.5439045
2.5439045
2.5439045
2.5439045
2.5439045
2.5439045
2.5439045
2.5439045
2.5439045
2.5439045
2.5439045
2.5439045
2.5439045
2.5439045
2.5439045
2.5439045
2.5439045
2.5439045
2.5439045
13
13
13
13
2.5439045
2.5439045
2.5439045
2.5439045
2.5439045
2.5439045
2.5439045
2.5439045
2.5439045
2.5439045
2.5439045
2.5439045
2.5439045
2.5439045
2.5439045
2.5439045
2.5439045
2.5439045
2.5439045
2.5439045
2.5439045
2.5439045
2.5439045
2.5439045
2.5439045
2.5439045
2.5439045
2.5439045
2.5439045
2.5439045
2.5439045
2.5439045
2.5439045
2.5439045
2.5439045
2.5439045
2.5439045
2.5439045
2.5439045
13
13
13
13
2.5439045
2.5439045
2.5439045
2.5439045
2.5439045
2.5439045
2.5439045
2.5439045
2.5439045
2.5439045
2.5439045
2.5439045
2.5439045
2.5439045
2.5439045
2.5439045
2.5439045
2.5439045
2.5439045
2.5439045
2.5439045
2.5439045
2.5439045
2.5439045
2.5439045
2.5439045
2.5439045
2.5439045
2.5439045
2.5439045
2.5439045
2.5439045
2.5439045
2.5439045
2.5439045
2.5439045
2.5439045
2.5439045
2.5439045
13
13
13
13
2.5439045
2.5439045
2.5439045
2.5439045
2.5439045
2.5439045
2.5439045
2.5439045
2.5439045
2.5439045
2.5439045
2.5439045
2.5439045
2.5439045
2.5439045
2.5439045
2.5439045
2.5439045
2.5439045
2.5439045
2.5439045
2.5439045
2.5439045
2.5439045
2.5439045
2.5439045
2.5439045
2.5439045
2.5439045
2.5439045
2.5439045
2.5439045
2.5439045
2.5439045
2.5439045
2.5439045
2.5439045
2.5439045
2.5439045
13
13
13
13
2.5439045
2.5439045
2.5439045
2.5439045
2.5439045
2.5439045
2.5439045
2.5439045
2.5439045
2.5439045
2.5439045
2.5439045
2.5439045
2.5439045
2.5439045
2.5439045
2.5439045
2.5439045
2.5439045
2.5439045
2.5439045
2.5439045
2.5439045
2.5439045
2.5439045
2.5439045
2.5439045
2.5439045
2.5439045
2.5439045
2.5439045
2.5439045
2.5439045
2.5439045
2.5439045
2.5439045
2.5439045
2.5439045
2.5439045
13
13
13
13
2.5439045
2.5439045
2.5439045
2.5439045
2.5439045
2.5439045
2.5439045
2.5439045
2.5439045
2.5439045
2.5439045
2.5439045
2.5439045
2.5439045
2.5439045
2.5439045
2.5439045
2.5439045
2.5439045
2.5439045
2.5439045
2.5439045
2.5439045
2.5439045
2.5439045
2.5439045
2.5439045
2.5439045
2.5439045
2.5439045
2.5439045
2.5439045
2.5439045
2.5439045
2.5439045
2.5439045
2.5439045
2.5439045
2.5439045
13
13
13
13
2.5439045
2.5439045
2.5439045
2.5439045
2.5439045
2.5439045
2.5439045
2.5439045
2.5439045
2.5439045
2.5439045
2.5439045
2.5439045
2.5439045
2.5439045
2.5439045
2.5439045
2.5439045
2.5439045
2.5439045
2.5439045
2.5439045
2.5439045
2.5439045
2.5439045
2.5439045
2.5439045
2.5439045
2.5439045
2.5439045
2.5439045
2.5439045
2.5439045
2.5439045
2.5439045
2.5439045
2.5439045
2.5439045
2.5439045
13
13
13
13
13
13
13
13
13
13
13
13
13
13
13
13
13
13
13
13
13
13
13
13
13
13
13
13
13
13
13
13
13
13
13
13
13
13
13
13
13
13
13
13
13
13
13
13
13
13
13
13
13
13
13
13
13
13
13
13
13
13
13
13
13
13
13
13
13
13
13
13
13
13
13
13
13
13
13
13
13
13
13
13
13
13
13
13

/

crown	radius	in	the	y-direction.
&indivrady
nodates = 1
values = 13
13
13
13
13
13
13
13
13
13
13
13
13
13
13
13
13
13
13
13
13
13
13
13
13
13
13
13
13
13
13
13
13
13
13
13
13
13
13
13
13
13
13
13
13
13
13
13
13
13
13
13
13
13
13
13
13
13
13
13
13
13
13
13
13
13
13
13
13
13
13
13
13
13
13
13
13
13
13
13
13
13
13
13
13
13
13
13
2.5439045
2.5439045
2.5439045
2.5439045
2.5439045
2.5439045
2.5439045
2.5439045
2.5439045
2.5439045
2.5439045
2.5439045
2.5439045
2.5439045
2.5439045
2.5439045
2.5439045
2.5439045
2.5439045
2.5439045
2.5439045
2.5439045
2.5439045
2.5439045
2.5439045
2.5439045
2.5439045
2.5439045
2.5439045
2.5439045
2.5439045
2.5439045
2.5439045
2.5439045
2.5439045
2.5439045
2.5439045
2.5439045
2.5439045
13
13
13
13
2.5439045
2.5439045
2.5439045
2.5439045
2.5439045
2.5439045
2.5439045
2.5439045
2.5439045
2.5439045
2.5439045
2.5439045
2.5439045
2.5439045
2.5439045
2.5439045
2.5439045
2.5439045
2.5439045
2.5439045
2.5439045
2.5439045
2.5439045
2.5439045
2.5439045
2.5439045
2.5439045
2.5439045
2.5439045
2.5439045
2.5439045
2.5439045
2.5439045
2.5439045
2.5439045
2.5439045
2.5439045
2.5439045
2.5439045
13
13
13
13
2.5439045
2.5439045
2.5439045
2.5439045
2.5439045
2.5439045
2.5439045
2.5439045
2.5439045
2.5439045
2.5439045
2.5439045
2.5439045
2.5439045
2.5439045
2.5439045
2.5439045
2.5439045
2.5439045
2.5439045
2.5439045
2.5439045
2.5439045
2.5439045
2.5439045
2.5439045
2.5439045
2.5439045
2.5439045
2.5439045
2.5439045
2.5439045
2.5439045
2.5439045
2.5439045
2.5439045
2.5439045
2.5439045
2.5439045
13
13
13
13
2.5439045
2.5439045
2.5439045
2.5439045
2.5439045
2.5439045
2.5439045
2.5439045
2.5439045
2.5439045
2.5439045
2.5439045
2.5439045
2.5439045
2.5439045
2.5439045
2.5439045
2.5439045
2.5439045
2.5439045
2.5439045
2.5439045
2.5439045
2.5439045
2.5439045
2.5439045
2.5439045
2.5439045
2.5439045
2.5439045
2.5439045
2.5439045
2.5439045
2.5439045
2.5439045
2.5439045
2.5439045
2.5439045
2.5439045
13
13
13
13
2.5439045
2.5439045
2.5439045
2.5439045
2.5439045
2.5439045
2.5439045
2.5439045
2.5439045
2.5439045
2.5439045
2.5439045
2.5439045
2.5439045
2.5439045
2.5439045
2.5439045
2.5439045
2.5439045
2.5439045
2.5439045
2.5439045
2.5439045
2.5439045
2.5439045
2.5439045
2.5439045
2.5439045
2.5439045
2.5439045
2.5439045
2.5439045
2.5439045
2.5439045
2.5439045
2.5439045
2.5439045
2.5439045
2.5439045
13
13
13
13
2.5439045
2.5439045
2.5439045
2.5439045
2.5439045
2.5439045
2.5439045
2.5439045
2.5439045
2.5439045
2.5439045
2.5439045
2.5439045
2.5439045
2.5439045
2.5439045
2.5439045
2.5439045
2.5439045
2.5439045
2.5439045
2.5439045
2.5439045
2.5439045
2.5439045
2.5439045
2.5439045
2.5439045
2.5439045
2.5439045
2.5439045
2.5439045
2.5439045
2.5439045
2.5439045
2.5439045
2.5439045
2.5439045
2.5439045
13
13
13
13
2.5439045
2.5439045
2.5439045
2.5439045
2.5439045
2.5439045
2.5439045
2.5439045
2.5439045
2.5439045
2.5439045
2.5439045
2.5439045
2.5439045
2.5439045
2.5439045
2.5439045
2.5439045
2.5439045
2.5439045
2.5439045
2.5439045
2.5439045
2.5439045
2.5439045
2.5439045
2.5439045
2.5439045
2.5439045
2.5439045
2.5439045
2.5439045
2.5439045
2.5439045
2.5439045
2.5439045
2.5439045
2.5439045
2.5439045
13
13
13
13
2.5439045
2.5439045
2.5439045
2.5439045
2.5439045
2.5439045
2.5439045
2.5439045
2.5439045
2.5439045
2.5439045
2.5439045
2.5439045
2.5439045
2.5439045
2.5439045
2.5439045
2.5439045
2.5439045
2.5439045
2.5439045
2.5439045
2.5439045
2.5439045
2.5439045
2.5439045
2.5439045
2.5439045
2.5439045
2.5439045
2.5439045
2.5439045
2.5439045
2.5439045
2.5439045
2.5439045
2.5439045
2.5439045
2.5439045
13
13
13
13
2.5439045
2.5439045
2.5439045
2.5439045
2.5439045
2.5439045
2.5439045
2.5439045
2.5439045
2.5439045
2.5439045
2.5439045
2.5439045
2.5439045
2.5439045
2.5439045
2.5439045
2.5439045
2.5439045
2.5439045
2.5439045
2.5439045
2.5439045
2.5439045
2.5439045
2.5439045
2.5439045
2.5439045
2.5439045
2.5439045
2.5439045
2.5439045
2.5439045
2.5439045
2.5439045
2.5439045
2.5439045
2.5439045
2.5439045
13
13
13
13
2.5439045
2.5439045
2.5439045
2.5439045
2.5439045
2.5439045
2.5439045
2.5439045
2.5439045
2.5439045
2.5439045
2.5439045
2.5439045
2.5439045
2.5439045
2.5439045
2.5439045
2.5439045
2.5439045
2.5439045
2.5439045
2.5439045
2.5439045
2.5439045
2.5439045
2.5439045
2.5439045
2.5439045
2.5439045
2.5439045
2.5439045
2.5439045
2.5439045
2.5439045
2.5439045
2.5439045
2.5439045
2.5439045
2.5439045
13
13
13
13
2.5439045
2.5439045
2.5439045
2.5439045
2.5439045
2.5439045
2.5439045
2.5439045
2.5439045
2.5439045
2.5439045
2.5439045
2.5439045
2.5439045
2.5439045
2.5439045
2.5439045
2.5439045
2.5439045
2.5439045
2.5439045
2.5439045
2.5439045
2.5439045
2.5439045
2.5439045
2.5439045
2.5439045
2.5439045
2.5439045
2.5439045
2.5439045
2.5439045
2.5439045
2.5439045
2.5439045
2.5439045
2.5439045
2.5439045
13
13
13
13
2.5439045
2.5439045
2.5439045
2.5439045
2.5439045
2.5439045
2.5439045
2.5439045
2.5439045
2.5439045
2.5439045
2.5439045
2.5439045
2.5439045
2.5439045
2.5439045
2.5439045
2.5439045
2.5439045
2.5439045
2.5439045
2.5439045
2.5439045
2.5439045
2.5439045
2.5439045
2.5439045
2.5439045
2.5439045
2.5439045
2.5439045
2.5439045
2.5439045
2.5439045
2.5439045
2.5439045
2.5439045
2.5439045
2.5439045
13
13
13
13
2.5439045
2.5439045
2.5439045
2.5439045
2.5439045
2.5439045
2.5439045
2.5439045
2.5439045
2.5439045
2.5439045
2.5439045
2.5439045
2.5439045
2.5439045
2.5439045
2.5439045
2.5439045
2.5439045
2.5439045
2.5439045
2.5439045
2.5439045
2.5439045
2.5439045
2.5439045
2.5439045
2.5439045
2.5439045
2.5439045
2.5439045
2.5439045
2.5439045
2.5439045
2.5439045
2.5439045
2.5439045
2.5439045
2.5439045
13
13
13
13
2.5439045
2.5439045
2.5439045
2.5439045
2.5439045
2.5439045
2.5439045
2.5439045
2.5439045
2.5439045
2.5439045
2.5439045
2.5439045
2.5439045
2.5439045
2.5439045
2.5439045
2.5439045
2.5439045
2.5439045
2.5439045
2.5439045
2.5439045
2.5439045
2.5439045
2.5439045
2.5439045
2.5439045
2.5439045
2.5439045
2.5439045
2.5439045
2.5439045
2.5439045
2.5439045
2.5439045
2.5439045
2.5439045
2.5439045
13
13
13
13
2.5439045
2.5439045
2.5439045
2.5439045
2.5439045
2.5439045
2.5439045
2.5439045
2.5439045
2.5439045
2.5439045
2.5439045
2.5439045
2.5439045
2.5439045
2.5439045
2.5439045
2.5439045
2.5439045
2.5439045
2.5439045
2.5439045
2.5439045
2.5439045
2.5439045
2.5439045
2.5439045
2.5439045
2.5439045
2.5439045
2.5439045
2.5439045
2.5439045
2.5439045
2.5439045
2.5439045
2.5439045
2.5439045
2.5439045
13
13
13
13
2.5439045
2.5439045
2.5439045
2.5439045
2.5439045
2.5439045
2.5439045
2.5439045
2.5439045
2.5439045
2.5439045
2.5439045
2.5439045
2.5439045
2.5439045
2.5439045
2.5439045
2.5439045
2.5439045
2.5439045
2.5439045
2.5439045
2.5439045
2.5439045
2.5439045
2.5439045
2.5439045
2.5439045
2.5439045
2.5439045
2.5439045
2.5439045
2.5439045
2.5439045
2.5439045
2.5439045
2.5439045
2.5439045
2.5439045
13
13
13
13
2.5439045
2.5439045
2.5439045
2.5439045
2.5439045
2.5439045
2.5439045
2.5439045
2.5439045
2.5439045
2.5439045
2.5439045
2.5439045
2.5439045
2.5439045
2.5439045
2.5439045
2.5439045
2.5439045
2.5439045
2.5439045
2.5439045
2.5439045
2.5439045
2.5439045
2.5439045
2.5439045
2.5439045
2.5439045
2.5439045
2.5439045
2.5439045
2.5439045
2.5439045
2.5439045
2.5439045
2.5439045
2.5439045
2.5439045
13
13
13
13
2.5439045
2.5439045
2.5439045
2.5439045
2.5439045
2.5439045
2.5439045
2.5439045
2.5439045
2.5439045
2.5439045
2.5439045
2.5439045
2.5439045
2.5439045
2.5439045
2.5439045
2.5439045
2.5439045
2.5439045
2.5439045
2.5439045
2.5439045
2.5439045
2.5439045
2.5439045
2.5439045
2.5439045
2.5439045
2.5439045
2.5439045
2.5439045
2.5439045
2.5439045
2.5439045
2.5439045
2.5439045
2.5439045
2.5439045
13
13
13
13
2.5439045
2.5439045
2.5439045
2.5439045
2.5439045
2.5439045
2.5439045
2.5439045
2.5439045
2.5439045
2.5439045
2.5439045
2.5439045
2.5439045
2.5439045
2.5439045
2.5439045
2.5439045
2.5439045
2.5439045
2.5439045
2.5439045
2.5439045
2.5439045
2.5439045
2.5439045
2.5439045
2.5439045
2.5439045
2.5439045
2.5439045
2.5439045
2.5439045
2.5439045
2.5439045
2.5439045
2.5439045
2.5439045
2.5439045
13
13
13
13
2.5439045
2.5439045
2.5439045
2.5439045
2.5439045
2.5439045
2.5439045
2.5439045
2.5439045
2.5439045
2.5439045
2.5439045
2.5439045
2.5439045
2.5439045
2.5439045
2.5439045
2.5439045
2.5439045
2.5439045
2.5439045
2.5439045
2.5439045
2.5439045
2.5439045
2.5439045
2.5439045
2.5439045
2.5439045
2.5439045
2.5439045
2.5439045
2.5439045
2.5439045
2.5439045
2.5439045
2.5439045
2.5439045
2.5439045
13
13
13
13
2.5439045
2.5439045
2.5439045
2.5439045
2.5439045
2.5439045
2.5439045
2.5439045
2.5439045
2.5439045
2.5439045
2.5439045
2.5439045
2.5439045
2.5439045
2.5439045
2.5439045
2.5439045
2.5439045
2.5439045
2.5439045
2.5439045
2.5439045
2.5439045
2.5439045
2.5439045
2.5439045
2.5439045
2.5439045
2.5439045
2.5439045
2.5439045
2.5439045
2.5439045
2.5439045
2.5439045
2.5439045
2.5439045
2.5439045
13
13
13
13
2.5439045
2.5439045
2.5439045
2.5439045
2.5439045
2.5439045
2.5439045
2.5439045
2.5439045
2.5439045
2.5439045
2.5439045
2.5439045
2.5439045
2.5439045
2.5439045
2.5439045
2.5439045
2.5439045
2.5439045
2.5439045
2.5439045
2.5439045
2.5439045
2.5439045
2.5439045
2.5439045
2.5439045
2.5439045
2.5439045
2.5439045
2.5439045
2.5439045
2.5439045
2.5439045
2.5439045
2.5439045
2.5439045
2.5439045
13
13
13
13
2.5439045
2.5439045
2.5439045
2.5439045
2.5439045
2.5439045
2.5439045
2.5439045
2.5439045
2.5439045
2.5439045
2.5439045
2.5439045
2.5439045
2.5439045
2.5439045
2.5439045
2.5439045
2.5439045
2.5439045
2.5439045
2.5439045
2.5439045
2.5439045
2.5439045
2.5439045
2.5439045
2.5439045
2.5439045
2.5439045
2.5439045
2.5439045
2.5439045
2.5439045
2.5439045
2.5439045
2.5439045
2.5439045
2.5439045
13
13
13
13
2.5439045
2.5439045
2.5439045
2.5439045
2.5439045
2.5439045
2.5439045
2.5439045
2.5439045
2.5439045
2.5439045
2.5439045
2.5439045
2.5439045
2.5439045
2.5439045
2.5439045
2.5439045
2.5439045
2.5439045
2.5439045
2.5439045
2.5439045
2.5439045
2.5439045
2.5439045
2.5439045
2.5439045
2.5439045
2.5439045
2.5439045
2.5439045
2.5439045
2.5439045
2.5439045
2.5439045
2.5439045
2.5439045
2.5439045
13
13
13
13
2.5439045
2.5439045
2.5439045
2.5439045
2.5439045
2.5439045
2.5439045
2.5439045
2.5439045
2.5439045
2.5439045
2.5439045
2.5439045
2.5439045
2.5439045
2.5439045
2.5439045
2.5439045
2.5439045
2.5439045
2.5439045
2.5439045
2.5439045
2.5439045
2.5439045
2.5439045
2.5439045
2.5439045
2.5439045
2.5439045
2.5439045
2.5439045
2.5439045
2.5439045
2.5439045
2.5439045
2.5439045
2.5439045
2.5439045
13
13
13
13
2.5439045
2.5439045
2.5439045
2.5439045
2.5439045
2.5439045
2.5439045
2.5439045
2.5439045
2.5439045
2.5439045
2.5439045
2.5439045
2.5439045
2.5439045
2.5439045
2.5439045
2.5439045
2.5439045
2.5439045
2.5439045
2.5439045
2.5439045
2.5439045
2.5439045
2.5439045
2.5439045
2.5439045
2.5439045
2.5439045
2.5439045
2.5439045
2.5439045
2.5439045
2.5439045
2.5439045
2.5439045
2.5439045
2.5439045
13
13
13
13
2.5439045
2.5439045
2.5439045
2.5439045
2.5439045
2.5439045
2.5439045
2.5439045
2.5439045
2.5439045
2.5439045
2.5439045
2.5439045
2.5439045
2.5439045
2.5439045
2.5439045
2.5439045
2.5439045
2.5439045
2.5439045
2.5439045
2.5439045
2.5439045
2.5439045
2.5439045
2.5439045
2.5439045
2.5439045
2.5439045
2.5439045
2.5439045
2.5439045
2.5439045
2.5439045
2.5439045
2.5439045
2.5439045
2.5439045
13
13
13
13
2.5439045
2.5439045
2.5439045
2.5439045
2.5439045
2.5439045
2.5439045
2.5439045
2.5439045
2.5439045
2.5439045
2.5439045
2.5439045
2.5439045
2.5439045
2.5439045
2.5439045
2.5439045
2.5439045
2.5439045
2.5439045
2.5439045
2.5439045
2.5439045
2.5439045
2.5439045
2.5439045
2.5439045
2.5439045
2.5439045
2.5439045
2.5439045
2.5439045
2.5439045
2.5439045
2.5439045
2.5439045
2.5439045
2.5439045
13
13
13
13
2.5439045
2.5439045
2.5439045
2.5439045
2.5439045
2.5439045
2.5439045
2.5439045
2.5439045
2.5439045
2.5439045
2.5439045
2.5439045
2.5439045
2.5439045
2.5439045
2.5439045
2.5439045
2.5439045
2.5439045
2.5439045
2.5439045
2.5439045
2.5439045
2.5439045
2.5439045
2.5439045
2.5439045
2.5439045
2.5439045
2.5439045
2.5439045
2.5439045
2.5439045
2.5439045
2.5439045
2.5439045
2.5439045
2.5439045
13
13
13
13
2.5439045
2.5439045
2.5439045
2.5439045
2.5439045
2.5439045
2.5439045
2.5439045
2.5439045
2.5439045
2.5439045
2.5439045
2.5439045
2.5439045
2.5439045
2.5439045
2.5439045
2.5439045
2.5439045
2.5439045
2.5439045
2.5439045
2.5439045
2.5439045
2.5439045
2.5439045
2.5439045
2.5439045
2.5439045
2.5439045
2.5439045
2.5439045
2.5439045
2.5439045
2.5439045
2.5439045
2.5439045
2.5439045
2.5439045
13
13
13
13
2.5439045
2.5439045
2.5439045
2.5439045
2.5439045
2.5439045
2.5439045
2.5439045
2.5439045
2.5439045
2.5439045
2.5439045
2.5439045
2.5439045
2.5439045
2.5439045
2.5439045
2.5439045
2.5439045
2.5439045
2.5439045
2.5439045
2.5439045
2.5439045
2.5439045
2.5439045
2.5439045
2.5439045
2.5439045
2.5439045
2.5439045
2.5439045
2.5439045
2.5439045
2.5439045
2.5439045
2.5439045
2.5439045
2.5439045
13
13
13
13
2.5439045
2.5439045
2.5439045
2.5439045
2.5439045
2.5439045
2.5439045
2.5439045
2.5439045
2.5439045
2.5439045
2.5439045
2.5439045
2.5439045
2.5439045
2.5439045
2.5439045
2.5439045
2.5439045
2.5439045
2.5439045
2.5439045
2.5439045
2.5439045
2.5439045
2.5439045
2.5439045
2.5439045
2.5439045
2.5439045
2.5439045
2.5439045
2.5439045
2.5439045
2.5439045
2.5439045
2.5439045
2.5439045
2.5439045
13
13
13
13
2.5439045
2.5439045
2.5439045
2.5439045
2.5439045
2.5439045
2.5439045
2.5439045
2.5439045
2.5439045
2.5439045
2.5439045
2.5439045
2.5439045
2.5439045
2.5439045
2.5439045
2.5439045
2.5439045
2.5439045
2.5439045
2.5439045
2.5439045
2.5439045
2.5439045
2.5439045
2.5439045
2.5439045
2.5439045
2.5439045
2.5439045
2.5439045
2.5439045
2.5439045
2.5439045
2.5439045
2.5439045
2.5439045
2.5439045
13
13
13
13
2.5439045
2.5439045
2.5439045
2.5439045
2.5439045
2.5439045
2.5439045
2.5439045
2.5439045
2.5439045
2.5439045
2.5439045
2.5439045
2.5439045
2.5439045
2.5439045
2.5439045
2.5439045
2.5439045
2.5439045
2.5439045
2.5439045
2.5439045
2.5439045
2.5439045
2.5439045
2.5439045
2.5439045
2.5439045
2.5439045
2.5439045
2.5439045
2.5439045
2.5439045
2.5439045
2.5439045
2.5439045
2.5439045
2.5439045
13
13
13
13
2.5439045
2.5439045
2.5439045
2.5439045
2.5439045
2.5439045
2.5439045
2.5439045
2.5439045
2.5439045
2.5439045
2.5439045
2.5439045
2.5439045
2.5439045
2.5439045
2.5439045
2.5439045
2.5439045
2.5439045
2.5439045
2.5439045
2.5439045
2.5439045
2.5439045
2.5439045
2.5439045
2.5439045
2.5439045
2.5439045
2.5439045
2.5439045
2.5439045
2.5439045
2.5439045
2.5439045
2.5439045
2.5439045
2.5439045
13
13
13
13
2.5439045
2.5439045
2.5439045
2.5439045
2.5439045
2.5439045
2.5439045
2.5439045
2.5439045
2.5439045
2.5439045
2.5439045
2.5439045
2.5439045
2.5439045
2.5439045
2.5439045
2.5439045
2.5439045
2.5439045
2.5439045
2.5439045
2.5439045
2.5439045
2.5439045
2.5439045
2.5439045
2.5439045
2.5439045
2.5439045
2.5439045
2.5439045
2.5439045
2.5439045
2.5439045
2.5439045
2.5439045
2.5439045
2.5439045
13
13
13
13
2.5439045
2.5439045
2.5439045
2.5439045
2.5439045
2.5439045
2.5439045
2.5439045
2.5439045
2.5439045
2.5439045
2.5439045
2.5439045
2.5439045
2.5439045
2.5439045
2.5439045
2.5439045
2.5439045
2.5439045
2.5439045
2.5439045
2.5439045
2.5439045
2.5439045
2.5439045
2.5439045
2.5439045
2.5439045
2.5439045
2.5439045
2.5439045
2.5439045
2.5439045
2.5439045
2.5439045
2.5439045
2.5439045
2.5439045
13
13
13
13
2.5439045
2.5439045
2.5439045
2.5439045
2.5439045
2.5439045
2.5439045
2.5439045
2.5439045
2.5439045
2.5439045
2.5439045
2.5439045
2.5439045
2.5439045
2.5439045
2.5439045
2.5439045
2.5439045
2.5439045
2.5439045
2.5439045
2.5439045
2.5439045
2.5439045
2.5439045
2.5439045
2.5439045
2.5439045
2.5439045
2.5439045
2.5439045
2.5439045
2.5439045
2.5439045
2.5439045
2.5439045
2.5439045
2.5439045
13
13
13
13
2.5439045
2.5439045
2.5439045
2.5439045
2.5439045
2.5439045
2.5439045
2.5439045
2.5439045
2.5439045
2.5439045
2.5439045
2.5439045
2.5439045
2.5439045
2.5439045
2.5439045
2.5439045
2.5439045
2.5439045
2.5439045
2.5439045
2.5439045
2.5439045
2.5439045
2.5439045
2.5439045
2.5439045
2.5439045
2.5439045
2.5439045
2.5439045
2.5439045
2.5439045
2.5439045
2.5439045
2.5439045
2.5439045
2.5439045
13
13
13
13
13
13
13
13
13
13
13
13
13
13
13
13
13
13
13
13
13
13
13
13
13
13
13
13
13
13
13
13
13
13
13
13
13
13
13
13
13
13
13
13
13
13
13
13
13
13
13
13
13
13
13
13
13
13
13
13
13
13
13
13
13
13
13
13
13
13
13
13
13
13
13
13
13
13
13
13
13
13
13
13
13
13
13
13

/

crown	height	for	each	tree.
&indivhtcrown
nodates = 1
values = 21.359762
21.359762
21.359762
21.359762
21.359762
21.359762
21.359762
21.359762
21.359762
21.359762
21.359762
21.359762
21.359762
21.359762
21.359762
21.359762
21.359762
21.359762
21.359762
21.359762
21.359762
21.359762
21.359762
21.359762
21.359762
21.359762
21.359762
21.359762
21.359762
21.359762
21.359762
21.359762
21.359762
21.359762
21.359762
21.359762
21.359762
21.359762
21.359762
21.359762
21.359762
21.359762
21.359762
21.359762
21.359762
21.359762
21.359762
21.359762
21.359762
21.359762
21.359762
21.359762
21.359762
21.359762
21.359762
21.359762
21.359762
21.359762
21.359762
21.359762
21.359762
21.359762
21.359762
21.359762
21.359762
21.359762
21.359762
21.359762
21.359762
21.359762
21.359762
21.359762
21.359762
21.359762
21.359762
21.359762
21.359762
21.359762
21.359762
21.359762
21.359762
21.359762
21.359762
21.359762
21.359762
21.359762
21.359762
21.359762
6.359762
6.359762
6.359762
6.359762
6.359762
6.359762
6.359762
6.359762
6.359762
6.359762
6.359762
6.359762
6.359762
6.359762
6.359762
6.359762
6.359762
6.359762
6.359762
6.359762
6.359762
6.359762
6.359762
6.359762
6.359762
6.359762
6.359762
6.359762
6.359762
6.359762
6.359762
6.359762
6.359762
6.359762
6.359762
6.359762
6.359762
6.359762
6.359762
21.359762
21.359762
21.359762
21.359762
6.359762
6.359762
6.359762
6.359762
6.359762
6.359762
6.359762
6.359762
6.359762
6.359762
6.359762
6.359762
6.359762
6.359762
6.359762
6.359762
6.359762
6.359762
6.359762
6.359762
6.359762
6.359762
6.359762
6.359762
6.359762
6.359762
6.359762
6.359762
6.359762
6.359762
6.359762
6.359762
6.359762
6.359762
6.359762
6.359762
6.359762
6.359762
6.359762
21.359762
21.359762
21.359762
21.359762
6.359762
6.359762
6.359762
6.359762
6.359762
6.359762
6.359762
6.359762
6.359762
6.359762
6.359762
6.359762
6.359762
6.359762
6.359762
6.359762
6.359762
6.359762
6.359762
6.359762
6.359762
6.359762
6.359762
6.359762
6.359762
6.359762
6.359762
6.359762
6.359762
6.359762
6.359762
6.359762
6.359762
6.359762
6.359762
6.359762
6.359762
6.359762
6.359762
21.359762
21.359762
21.359762
21.359762
6.359762
6.359762
6.359762
6.359762
6.359762
6.359762
6.359762
6.359762
6.359762
6.359762
6.359762
6.359762
6.359762
6.359762
6.359762
6.359762
6.359762
6.359762
6.359762
6.359762
6.359762
6.359762
6.359762
6.359762
6.359762
6.359762
6.359762
6.359762
6.359762
6.359762
6.359762
6.359762
6.359762
6.359762
6.359762
6.359762
6.359762
6.359762
6.359762
21.359762
21.359762
21.359762
21.359762
6.359762
6.359762
6.359762
6.359762
6.359762
6.359762
6.359762
6.359762
6.359762
6.359762
6.359762
6.359762
6.359762
6.359762
6.359762
6.359762
6.359762
6.359762
6.359762
6.359762
6.359762
6.359762
6.359762
6.359762
6.359762
6.359762
6.359762
6.359762
6.359762
6.359762
6.359762
6.359762
6.359762
6.359762
6.359762
6.359762
6.359762
6.359762
6.359762
21.359762
21.359762
21.359762
21.359762
6.359762
6.359762
6.359762
6.359762
6.359762
6.359762
6.359762
6.359762
6.359762
6.359762
6.359762
6.359762
6.359762
6.359762
6.359762
6.359762
6.359762
6.359762
6.359762
6.359762
6.359762
6.359762
6.359762
6.359762
6.359762
6.359762
6.359762
6.359762
6.359762
6.359762
6.359762
6.359762
6.359762
6.359762
6.359762
6.359762
6.359762
6.359762
6.359762
21.359762
21.359762
21.359762
21.359762
6.359762
6.359762
6.359762
6.359762
6.359762
6.359762
6.359762
6.359762
6.359762
6.359762
6.359762
6.359762
6.359762
6.359762
6.359762
6.359762
6.359762
6.359762
6.359762
6.359762
6.359762
6.359762
6.359762
6.359762
6.359762
6.359762
6.359762
6.359762
6.359762
6.359762
6.359762
6.359762
6.359762
6.359762
6.359762
6.359762
6.359762
6.359762
6.359762
21.359762
21.359762
21.359762
21.359762
6.359762
6.359762
6.359762
6.359762
6.359762
6.359762
6.359762
6.359762
6.359762
6.359762
6.359762
6.359762
6.359762
6.359762
6.359762
6.359762
6.359762
6.359762
6.359762
6.359762
6.359762
6.359762
6.359762
6.359762
6.359762
6.359762
6.359762
6.359762
6.359762
6.359762
6.359762
6.359762
6.359762
6.359762
6.359762
6.359762
6.359762
6.359762
6.359762
21.359762
21.359762
21.359762
21.359762
6.359762
6.359762
6.359762
6.359762
6.359762
6.359762
6.359762
6.359762
6.359762
6.359762
6.359762
6.359762
6.359762
6.359762
6.359762
6.359762
6.359762
6.359762
6.359762
6.359762
6.359762
6.359762
6.359762
6.359762
6.359762
6.359762
6.359762
6.359762
6.359762
6.359762
6.359762
6.359762
6.359762
6.359762
6.359762
6.359762
6.359762
6.359762
6.359762
21.359762
21.359762
21.359762
21.359762
6.359762
6.359762
6.359762
6.359762
6.359762
6.359762
6.359762
6.359762
6.359762
6.359762
6.359762
6.359762
6.359762
6.359762
6.359762
6.359762
6.359762
6.359762
6.359762
6.359762
6.359762
6.359762
6.359762
6.359762
6.359762
6.359762
6.359762
6.359762
6.359762
6.359762
6.359762
6.359762
6.359762
6.359762
6.359762
6.359762
6.359762
6.359762
6.359762
21.359762
21.359762
21.359762
21.359762
6.359762
6.359762
6.359762
6.359762
6.359762
6.359762
6.359762
6.359762
6.359762
6.359762
6.359762
6.359762
6.359762
6.359762
6.359762
6.359762
6.359762
6.359762
6.359762
6.359762
6.359762
6.359762
6.359762
6.359762
6.359762
6.359762
6.359762
6.359762
6.359762
6.359762
6.359762
6.359762
6.359762
6.359762
6.359762
6.359762
6.359762
6.359762
6.359762
21.359762
21.359762
21.359762
21.359762
6.359762
6.359762
6.359762
6.359762
6.359762
6.359762
6.359762
6.359762
6.359762
6.359762
6.359762
6.359762
6.359762
6.359762
6.359762
6.359762
6.359762
6.359762
6.359762
6.359762
6.359762
6.359762
6.359762
6.359762
6.359762
6.359762
6.359762
6.359762
6.359762
6.359762
6.359762
6.359762
6.359762
6.359762
6.359762
6.359762
6.359762
6.359762
6.359762
21.359762
21.359762
21.359762
21.359762
6.359762
6.359762
6.359762
6.359762
6.359762
6.359762
6.359762
6.359762
6.359762
6.359762
6.359762
6.359762
6.359762
6.359762
6.359762
6.359762
6.359762
6.359762
6.359762
6.359762
6.359762
6.359762
6.359762
6.359762
6.359762
6.359762
6.359762
6.359762
6.359762
6.359762
6.359762
6.359762
6.359762
6.359762
6.359762
6.359762
6.359762
6.359762
6.359762
21.359762
21.359762
21.359762
21.359762
6.359762
6.359762
6.359762
6.359762
6.359762
6.359762
6.359762
6.359762
6.359762
6.359762
6.359762
6.359762
6.359762
6.359762
6.359762
6.359762
6.359762
6.359762
6.359762
6.359762
6.359762
6.359762
6.359762
6.359762
6.359762
6.359762
6.359762
6.359762
6.359762
6.359762
6.359762
6.359762
6.359762
6.359762
6.359762
6.359762
6.359762
6.359762
6.359762
21.359762
21.359762
21.359762
21.359762
6.359762
6.359762
6.359762
6.359762
6.359762
6.359762
6.359762
6.359762
6.359762
6.359762
6.359762
6.359762
6.359762
6.359762
6.359762
6.359762
6.359762
6.359762
6.359762
6.359762
6.359762
6.359762
6.359762
6.359762
6.359762
6.359762
6.359762
6.359762
6.359762
6.359762
6.359762
6.359762
6.359762
6.359762
6.359762
6.359762
6.359762
6.359762
6.359762
21.359762
21.359762
21.359762
21.359762
6.359762
6.359762
6.359762
6.359762
6.359762
6.359762
6.359762
6.359762
6.359762
6.359762
6.359762
6.359762
6.359762
6.359762
6.359762
6.359762
6.359762
6.359762
6.359762
6.359762
6.359762
6.359762
6.359762
6.359762
6.359762
6.359762
6.359762
6.359762
6.359762
6.359762
6.359762
6.359762
6.359762
6.359762
6.359762
6.359762
6.359762
6.359762
6.359762
21.359762
21.359762
21.359762
21.359762
6.359762
6.359762
6.359762
6.359762
6.359762
6.359762
6.359762
6.359762
6.359762
6.359762
6.359762
6.359762
6.359762
6.359762
6.359762
6.359762
6.359762
6.359762
6.359762
6.359762
6.359762
6.359762
6.359762
6.359762
6.359762
6.359762
6.359762
6.359762
6.359762
6.359762
6.359762
6.359762
6.359762
6.359762
6.359762
6.359762
6.359762
6.359762
6.359762
21.359762
21.359762
21.359762
21.359762
6.359762
6.359762
6.359762
6.359762
6.359762
6.359762
6.359762
6.359762
6.359762
6.359762
6.359762
6.359762
6.359762
6.359762
6.359762
6.359762
6.359762
6.359762
6.359762
6.359762
6.359762
6.359762
6.359762
6.359762
6.359762
6.359762
6.359762
6.359762
6.359762
6.359762
6.359762
6.359762
6.359762
6.359762
6.359762
6.359762
6.359762
6.359762
6.359762
21.359762
21.359762
21.359762
21.359762
6.359762
6.359762
6.359762
6.359762
6.359762
6.359762
6.359762
6.359762
6.359762
6.359762
6.359762
6.359762
6.359762
6.359762
6.359762
6.359762
6.359762
6.359762
6.359762
6.359762
6.359762
6.359762
6.359762
6.359762
6.359762
6.359762
6.359762
6.359762
6.359762
6.359762
6.359762
6.359762
6.359762
6.359762
6.359762
6.359762
6.359762
6.359762
6.359762
21.359762
21.359762
21.359762
21.359762
6.359762
6.359762
6.359762
6.359762
6.359762
6.359762
6.359762
6.359762
6.359762
6.359762
6.359762
6.359762
6.359762
6.359762
6.359762
6.359762
6.359762
6.359762
6.359762
6.359762
6.359762
6.359762
6.359762
6.359762
6.359762
6.359762
6.359762
6.359762
6.359762
6.359762
6.359762
6.359762
6.359762
6.359762
6.359762
6.359762
6.359762
6.359762
6.359762
21.359762
21.359762
21.359762
21.359762
6.359762
6.359762
6.359762
6.359762
6.359762
6.359762
6.359762
6.359762
6.359762
6.359762
6.359762
6.359762
6.359762
6.359762
6.359762
6.359762
6.359762
6.359762
6.359762
6.359762
6.359762
6.359762
6.359762
6.359762
6.359762
6.359762
6.359762
6.359762
6.359762
6.359762
6.359762
6.359762
6.359762
6.359762
6.359762
6.359762
6.359762
6.359762
6.359762
21.359762
21.359762
21.359762
21.359762
6.359762
6.359762
6.359762
6.359762
6.359762
6.359762
6.359762
6.359762
6.359762
6.359762
6.359762
6.359762
6.359762
6.359762
6.359762
6.359762
6.359762
6.359762
6.359762
6.359762
6.359762
6.359762
6.359762
6.359762
6.359762
6.359762
6.359762
6.359762
6.359762
6.359762
6.359762
6.359762
6.359762
6.359762
6.359762
6.359762
6.359762
6.359762
6.359762
21.359762
21.359762
21.359762
21.359762
6.359762
6.359762
6.359762
6.359762
6.359762
6.359762
6.359762
6.359762
6.359762
6.359762
6.359762
6.359762
6.359762
6.359762
6.359762
6.359762
6.359762
6.359762
6.359762
6.359762
6.359762
6.359762
6.359762
6.359762
6.359762
6.359762
6.359762
6.359762
6.359762
6.359762
6.359762
6.359762
6.359762
6.359762
6.359762
6.359762
6.359762
6.359762
6.359762
21.359762
21.359762
21.359762
21.359762
6.359762
6.359762
6.359762
6.359762
6.359762
6.359762
6.359762
6.359762
6.359762
6.359762
6.359762
6.359762
6.359762
6.359762
6.359762
6.359762
6.359762
6.359762
6.359762
6.359762
6.359762
6.359762
6.359762
6.359762
6.359762
6.359762
6.359762
6.359762
6.359762
6.359762
6.359762
6.359762
6.359762
6.359762
6.359762
6.359762
6.359762
6.359762
6.359762
21.359762
21.359762
21.359762
21.359762
6.359762
6.359762
6.359762
6.359762
6.359762
6.359762
6.359762
6.359762
6.359762
6.359762
6.359762
6.359762
6.359762
6.359762
6.359762
6.359762
6.359762
6.359762
6.359762
6.359762
6.359762
6.359762
6.359762
6.359762
6.359762
6.359762
6.359762
6.359762
6.359762
6.359762
6.359762
6.359762
6.359762
6.359762
6.359762
6.359762
6.359762
6.359762
6.359762
21.359762
21.359762
21.359762
21.359762
6.359762
6.359762
6.359762
6.359762
6.359762
6.359762
6.359762
6.359762
6.359762
6.359762
6.359762
6.359762
6.359762
6.359762
6.359762
6.359762
6.359762
6.359762
6.359762
6.359762
6.359762
6.359762
6.359762
6.359762
6.359762
6.359762
6.359762
6.359762
6.359762
6.359762
6.359762
6.359762
6.359762
6.359762
6.359762
6.359762
6.359762
6.359762
6.359762
21.359762
21.359762
21.359762
21.359762
6.359762
6.359762
6.359762
6.359762
6.359762
6.359762
6.359762
6.359762
6.359762
6.359762
6.359762
6.359762
6.359762
6.359762
6.359762
6.359762
6.359762
6.359762
6.359762
6.359762
6.359762
6.359762
6.359762
6.359762
6.359762
6.359762
6.359762
6.359762
6.359762
6.359762
6.359762
6.359762
6.359762
6.359762
6.359762
6.359762
6.359762
6.359762
6.359762
21.359762
21.359762
21.359762
21.359762
6.359762
6.359762
6.359762
6.359762
6.359762
6.359762
6.359762
6.359762
6.359762
6.359762
6.359762
6.359762
6.359762
6.359762
6.359762
6.359762
6.359762
6.359762
6.359762
6.359762
6.359762
6.359762
6.359762
6.359762
6.359762
6.359762
6.359762
6.359762
6.359762
6.359762
6.359762
6.359762
6.359762
6.359762
6.359762
6.359762
6.359762
6.359762
6.359762
21.359762
21.359762
21.359762
21.359762
6.359762
6.359762
6.359762
6.359762
6.359762
6.359762
6.359762
6.359762
6.359762
6.359762
6.359762
6.359762
6.359762
6.359762
6.359762
6.359762
6.359762
6.359762
6.359762
6.359762
6.359762
6.359762
6.359762
6.359762
6.359762
6.359762
6.359762
6.359762
6.359762
6.359762
6.359762
6.359762
6.359762
6.359762
6.359762
6.359762
6.359762
6.359762
6.359762
21.359762
21.359762
21.359762
21.359762
6.359762
6.359762
6.359762
6.359762
6.359762
6.359762
6.359762
6.359762
6.359762
6.359762
6.359762
6.359762
6.359762
6.359762
6.359762
6.359762
6.359762
6.359762
6.359762
6.359762
6.359762
6.359762
6.359762
6.359762
6.359762
6.359762
6.359762
6.359762
6.359762
6.359762
6.359762
6.359762
6.359762
6.359762
6.359762
6.359762
6.359762
6.359762
6.359762
21.359762
21.359762
21.359762
21.359762
6.359762
6.359762
6.359762
6.359762
6.359762
6.359762
6.359762
6.359762
6.359762
6.359762
6.359762
6.359762
6.359762
6.359762
6.359762
6.359762
6.359762
6.359762
6.359762
6.359762
6.359762
6.359762
6.359762
6.359762
6.359762
6.359762
6.359762
6.359762
6.359762
6.359762
6.359762
6.359762
6.359762
6.359762
6.359762
6.359762
6.359762
6.359762
6.359762
21.359762
21.359762
21.359762
21.359762
6.359762
6.359762
6.359762
6.359762
6.359762
6.359762
6.359762
6.359762
6.359762
6.359762
6.359762
6.359762
6.359762
6.359762
6.359762
6.359762
6.359762
6.359762
6.359762
6.359762
6.359762
6.359762
6.359762
6.359762
6.359762
6.359762
6.359762
6.359762
6.359762
6.359762
6.359762
6.359762
6.359762
6.359762
6.359762
6.359762
6.359762
6.359762
6.359762
21.359762
21.359762
21.359762
21.359762
6.359762
6.359762
6.359762
6.359762
6.359762
6.359762
6.359762
6.359762
6.359762
6.359762
6.359762
6.359762
6.359762
6.359762
6.359762
6.359762
6.359762
6.359762
6.359762
6.359762
6.359762
6.359762
6.359762
6.359762
6.359762
6.359762
6.359762
6.359762
6.359762
6.359762
6.359762
6.359762
6.359762
6.359762
6.359762
6.359762
6.359762
6.359762
6.359762
21.359762
21.359762
21.359762
21.359762
6.359762
6.359762
6.359762
6.359762
6.359762
6.359762
6.359762
6.359762
6.359762
6.359762
6.359762
6.359762
6.359762
6.359762
6.359762
6.359762
6.359762
6.359762
6.359762
6.359762
6.359762
6.359762
6.359762
6.359762
6.359762
6.359762
6.359762
6.359762
6.359762
6.359762
6.359762
6.359762
6.359762
6.359762
6.359762
6.359762
6.359762
6.359762
6.359762
21.359762
21.359762
21.359762
21.359762
6.359762
6.359762
6.359762
6.359762
6.359762
6.359762
6.359762
6.359762
6.359762
6.359762
6.359762
6.359762
6.359762
6.359762
6.359762
6.359762
6.359762
6.359762
6.359762
6.359762
6.359762
6.359762
6.359762
6.359762
6.359762
6.359762
6.359762
6.359762
6.359762
6.359762
6.359762
6.359762
6.359762
6.359762
6.359762
6.359762
6.359762
6.359762
6.359762
21.359762
21.359762
21.359762
21.359762
6.359762
6.359762
6.359762
6.359762
6.359762
6.359762
6.359762
6.359762
6.359762
6.359762
6.359762
6.359762
6.359762
6.359762
6.359762
6.359762
6.359762
6.359762
6.359762
6.359762
6.359762
6.359762
6.359762
6.359762
6.359762
6.359762
6.359762
6.359762
6.359762
6.359762
6.359762
6.359762
6.359762
6.359762
6.359762
6.359762
6.359762
6.359762
6.359762
21.359762
21.359762
21.359762
21.359762
6.359762
6.359762
6.359762
6.359762
6.359762
6.359762
6.359762
6.359762
6.359762
6.359762
6.359762
6.359762
6.359762
6.359762
6.359762
6.359762
6.359762
6.359762
6.359762
6.359762
6.359762
6.359762
6.359762
6.359762
6.359762
6.359762
6.359762
6.359762
6.359762
6.359762
6.359762
6.359762
6.359762
6.359762
6.359762
6.359762
6.359762
6.359762
6.359762
21.359762
21.359762
21.359762
21.359762
6.359762
6.359762
6.359762
6.359762
6.359762
6.359762
6.359762
6.359762
6.359762
6.359762
6.359762
6.359762
6.359762
6.359762
6.359762
6.359762
6.359762
6.359762
6.359762
6.359762
6.359762
6.359762
6.359762
6.359762
6.359762
6.359762
6.359762
6.359762
6.359762
6.359762
6.359762
6.359762
6.359762
6.359762
6.359762
6.359762
6.359762
6.359762
6.359762
21.359762
21.359762
21.359762
21.359762
6.359762
6.359762
6.359762
6.359762
6.359762
6.359762
6.359762
6.359762
6.359762
6.359762
6.359762
6.359762
6.359762
6.359762
6.359762
6.359762
6.359762
6.359762
6.359762
6.359762
6.359762
6.359762
6.359762
6.359762
6.359762
6.359762
6.359762
6.359762
6.359762
6.359762
6.359762
6.359762
6.359762
6.359762
6.359762
6.359762
6.359762
6.359762
6.359762
21.359762
21.359762
21.359762
21.359762
21.359762
21.359762
21.359762
21.359762
21.359762
21.359762
21.359762
21.359762
21.359762
21.359762
21.359762
21.359762
21.359762
21.359762
21.359762
21.359762
21.359762
21.359762
21.359762
21.359762
21.359762
21.359762
21.359762
21.359762
21.359762
21.359762
21.359762
21.359762
21.359762
21.359762
21.359762
21.359762
21.359762
21.359762
21.359762
21.359762
21.359762
21.359762
21.359762
21.359762
21.359762
21.359762
21.359762
21.359762
21.359762
21.359762
21.359762
21.359762
21.359762
21.359762
21.359762
21.359762
21.359762
21.359762
21.359762
21.359762
21.359762
21.359762
21.359762
21.359762
21.359762
21.359762
21.359762
21.359762
21.359762
21.359762
21.359762
21.359762
21.359762
21.359762
21.359762
21.359762
21.359762
21.359762
21.359762
21.359762
21.359762
21.359762
21.359762
21.359762
21.359762
21.359762
21.359762
21.359762

/

stem	diameter	for	each	tree
&indivdiam
nodates = 1
values = 0.3 0.3 0.3 0.3 0.3 0.3 0.3 0.3 0.3 0.3 0.3 0.3 0.3 0.3 0.3 0.3 0.3 0.3 0.3 0.3 0.3 0.3 0.3 0.3 0.3 0.3 0.3 0.3 0.3 0.3 0.3 0.3 0.3 0.3 0.3 0.3 0.3 0.3 0.3 0.3 0.3 0.3 0.3 0.3 0.3 0.3 0.3 0.3 0.3 0.3 0.3 0.3 0.3 0.3 0.3 0.3 0.3 0.3 0.3 0.3 0.3 0.3 0.3 0.3 0.3 0.3 0.3 0.3 0.3 0.3 0.3 0.3 0.3 0.3 0.3 0.3 0.3 0.3 0.3 0.3 0.3 0.3 0.3 0.3 0.3 0.3 0.3 0.3 0.3 0.3 0.3 0.3 0.3 0.3 0.3 0.3 0.3 0.3 0.3 0.3 0.3 0.3 0.3 0.3 0.3 0.3 0.3 0.3 0.3 0.3 0.3 0.3 0.3 0.3 0.3 0.3 0.3 0.3 0.3 0.3 0.3 0.3 0.3 0.3 0.3 0.3 0.3 0.3 0.3 0.3 0.3 0.3 0.3 0.3 0.3 0.3 0.3 0.3 0.3 0.3 0.3 0.3 0.3 0.3 0.3 0.3 0.3 0.3 0.3 0.3 0.3 0.3 0.3 0.3 0.3 0.3 0.3 0.3 0.3 0.3 0.3 0.3 0.3 0.3 0.3 0.3 0.3 0.3 0.3 0.3 0.3 0.3 0.3 0.3 0.3 0.3 0.3 0.3 0.3 0.3 0.3 0.3 0.3 0.3 0.3 0.3 0.3 0.3 0.3 0.3 0.3 0.3 0.3 0.3 0.3 0.3 0.3 0.3 0.3 0.3 0.3 0.3 0.3 0.3 0.3 0.3 0.3 0.3 0.3 0.3 0.3 0.3 0.3 0.3 0.3 0.3 0.3 0.3 0.3 0.3 0.3 0.3 0.3 0.3 0.3 0.3 0.3 0.3 0.3 0.3 0.3 0.3 0.3 0.3 0.3 0.3 0.3 0.3 0.3 0.3 0.3 0.3 0.3 0.3 0.3 0.3 0.3 0.3 0.3 0.3 0.3 0.3 0.3 0.3 0.3 0.3 0.3 0.3 0.3 0.3 0.3 0.3 0.3 0.3 0.3 0.3 0.3 0.3 0.3 0.3 0.3 0.3 0.3 0.3 0.3 0.3 0.3 0.3 0.3 0.3 0.3 0.3 0.3 0.3 0.3 0.3 0.3 0.3 0.3 0.3 0.3 0.3 0.3 0.3 0.3 0.3 0.3 0.3 0.3 0.3 0.3 0.3 0.3 0.3 0.3 0.3 0.3 0.3 0.3 0.3 0.3 0.3 0.3 0.3 0.3 0.3 0.3 0.3 0.3 0.3 0.3 0.3 0.3 0.3 0.3 0.3 0.3 0.3 0.3 0.3 0.3 0.3 0.3 0.3 0.3 0.3 0.3 0.3 0.3 0.3 0.3 0.3 0.3 0.3 0.3 0.3 0.3 0.3 0.3 0.3 0.3 0.3 0.3 0.3 0.3 0.3 0.3 0.3 0.3 0.3 0.3 0.3 0.3 0.3 0.3 0.3 0.3 0.3 0.3 0.3 0.3 0.3 0.3 0.3 0.3 0.3 0.3 0.3 0.3 0.3 0.3 0.3 0.3 0.3 0.3 0.3 0.3 0.3 0.3 0.3 0.3 0.3 0.3 0.3 0.3 0.3 0.3 0.3 0.3 0.3 0.3 0.3 0.3 0.3 0.3 0.3 0.3 0.3 0.3 0.3 0.3 0.3 0.3 0.3 0.3 0.3 0.3 0.3 0.3 0.3 0.3 0.3 0.3 0.3 0.3 0.3 0.3 0.3 0.3 0.3 0.3 0.3 0.3 0.3 0.3 0.3 0.3 0.3 0.3 0.3 0.3 0.3 0.3 0.3 0.3 0.3 0.3 0.3 0.3 0.3 0.3 0.3 0.3 0.3 0.3 0.3 0.3 0.3 0.3 0.3 0.3 0.3 0.3 0.3 0.3 0.3 0.3 0.3 0.3 0.3 0.3 0.3 0.3 0.3 0.3 0.3 0.3 0.3 0.3 0.3 0.3 0.3 0.3 0.3 0.3 0.3 0.3 0.3 0.3 0.3 0.3 0.3 0.3 0.3 0.3 0.3 0.3 0.3 0.3 0.3 0.3 0.3 0.3 0.3 0.3 0.3 0.3 0.3 0.3 0.3 0.3 0.3 0.3 0.3 0.3 0.3 0.3 0.3 0.3 0.3 0.3 0.3 0.3 0.3 0.3 0.3 0.3 0.3 0.3 0.3 0.3 0.3 0.3 0.3 0.3 0.3 0.3 0.3 0.3 0.3 0.3 0.3 0.3 0.3 0.3 0.3 0.3 0.3 0.3 0.3 0.3 0.3 0.3 0.3 0.3 0.3 0.3 0.3 0.3 0.3 0.3 0.3 0.3 0.3 0.3 0.3 0.3 0.3 0.3 0.3 0.3 0.3 0.3 0.3 0.3 0.3 0.3 0.3 0.3 0.3 0.3 0.3 0.3 0.3 0.3 0.3 0.3 0.3 0.3 0.3 0.3 0.3 0.3 0.3 0.3 0.3 0.3 0.3 0.3 0.3 0.3 0.3 0.3 0.3 0.3 0.3 0.3 0.3 0.3 0.3 0.3 0.3 0.3 0.3 0.3 0.3 0.3 0.3 0.3 0.3 0.3 0.3 0.3 0.3 0.3 0.3 0.3 0.3 0.3 0.3 0.3 0.3 0.3 0.3 0.3 0.3 0.3 0.3 0.3 0.3 0.3 0.3 0.3 0.3 0.3 0.3 0.3 0.3 0.3 0.3 0.3 0.3 0.3 0.3 0.3 0.3 0.3 0.3 0.3 0.3 0.3 0.3 0.3 0.3 0.3 0.3 0.3 0.3 0.3 0.3 0.3 0.3 0.3 0.3 0.3 0.3 0.3 0.3 0.3 0.3 0.3 0.3 0.3 0.3 0.3 0.3 0.3 0.3 0.3 0.3 0.3 0.3 0.3 0.3 0.3 0.3 0.3 0.3 0.3 0.3 0.3 0.3 0.3 0.3 0.3 0.3 0.3 0.3 0.3 0.3 0.3 0.3 0.3 0.3 0.3 0.3 0.3 0.3 0.3 0.3 0.3 0.3 0.3 0.3 0.3 0.3 0.3 0.3 0.3 0.3 0.3 0.3 0.3 0.3 0.3 0.3 0.3 0.3 0.3 0.3 0.3 0.3 0.3 0.3 0.3 0.3 0.3 0.3 0.3 0.3 0.3 0.3 0.3 0.3 0.3 0.3 0.3 0.3 0.3 0.3 0.3 0.3 0.3 0.3 0.3 0.3 0.3 0.3 0.3 0.3 0.3 0.3 0.3 0.3 0.3 0.3 0.3 0.3 0.3 0.3 0.3 0.3 0.3 0.3 0.3 0.3 0.3 0.3 0.3 0.3 0.3 0.3 0.3 0.3 0.3 0.3 0.3 0.3 0.3 0.3 0.3 0.3 0.3 0.3 0.3 0.3 0.3 0.3 0.3 0.3 0.3 0.3 0.3 0.3 0.3 0.3 0.3 0.3 0.3 0.3 0.3 0.3 0.3 0.3 0.3 0.3 0.3 0.3 0.3 0.3 0.3 0.3 0.3 0.3 0.3 0.3 0.3 0.3 0.3 0.3 0.3 0.3 0.3 0.3 0.3 0.3 0.3 0.3 0.3 0.3 0.3 0.3 0.3 0.3 0.3 0.3 0.3 0.3 0.3 0.3 0.3 0.3 0.3 0.3 0.3 0.3 0.3 0.3 0.3 0.3 0.3 0.3 0.3 0.3 0.3 0.3 0.3 0.3 0.3 0.3 0.3 0.3 0.3 0.3 0.3 0.3 0.3 0.3 0.3 0.3 0.3 0.3 0.3 0.3 0.3 0.3 0.3 0.3 0.3 0.3 0.3 0.3 0.3 0.3 0.3 0.3 0.3 0.3 0.3 0.3 0.3 0.3 0.3 0.3 0.3 0.3 0.3 0.3 0.3 0.3 0.3 0.3 0.3 0.3 0.3 0.3 0.3 0.3 0.3 0.3 0.3 0.3 0.3 0.3 0.3 0.3 0.3 0.3 0.3 0.3 0.3 0.3 0.3 0.3 0.3 0.3 0.3 0.3 0.3 0.3 0.3 0.3 0.3 0.3 0.3 0.3 0.3 0.3 0.3 0.3 0.3 0.3 0.3 0.3 0.3 0.3 0.3 0.3 0.3 0.3 0.3 0.3 0.3 0.3 0.3 0.3 0.3 0.3 0.3 0.3 0.3 0.3 0.3 0.3 0.3 0.3 0.3 0.3 0.3 0.3 0.3 0.3 0.3 0.3 0.3 0.3 0.3 0.3 0.3 0.3 0.3 0.3 0.3 0.3 0.3 0.3 0.3 0.3 0.3 0.3 0.3 0.3 0.3 0.3 0.3 0.3 0.3 0.3 0.3 0.3 0.3 0.3 0.3 0.3 0.3 0.3 0.3 0.3 0.3 0.3 0.3 0.3 0.3 0.3 0.3 0.3 0.3 0.3 0.3 0.3 0.3 0.3 0.3 0.3 0.3 0.3 0.3 0.3 0.3 0.3 0.3 0.3 0.3 0.3 0.3 0.3 0.3 0.3 0.3 0.3 0.3 0.3 0.3 0.3 0.3 0.3 0.3 0.3 0.3 0.3 0.3 0.3 0.3 0.3 0.3 0.3 0.3 0.3 0.3 0.3 0.3 0.3 0.3 0.3 0.3 0.3 0.3 0.3 0.3 0.3 0.3 0.3 0.3 0.3 0.3 0.3 0.3 0.3 0.3 0.3 0.3 0.3 0.3 0.3 0.3 0.3 0.3 0.3 0.3 0.3 0.3 0.3 0.3 0.3 0.3 0.3 0.3 0.3 0.3 0.3 0.3 0.3 0.3 0.3 0.3 0.3 0.3 0.3 0.3 0.3 0.3 0.3 0.3 0.3 0.3 0.3 0.3 0.3 0.3 0.3 0.3 0.3 0.3 0.3 0.3 0.3 0.3 0.3 0.3 0.3 0.3 0.3 0.3 0.3 0.3 0.3 0.3 0.3 0.3 0.3 0.3 0.3 0.3 0.3 0.3 0.3 0.3 0.3 0.3 0.3 0.3 0.3 0.3 0.3 0.3 0.3 0.3 0.3 0.3 0.3 0.3 0.3 0.3 0.3 0.3 0.3 0.3 0.3 0.3 0.3 0.3 0.3 0.3 0.3 0.3 0.3 0.3 0.3 0.3 0.3 0.3 0.3 0.3 0.3 0.3 0.3 0.3 0.3 0.3 0.3 0.3 0.3 0.3 0.3 0.3 0.3 0.3 0.3 0.3 0.3 0.3 0.3 0.3 0.3 0.3 0.3 0.3 0.3 0.3 0.3 0.3 0.3 0.3 0.3 0.3 0.3 0.3 0.3 0.3 0.3 0.3 0.3 0.3 0.3 0.3 0.3 0.3 0.3 0.3 0.3 0.3 0.3 0.3 0.3 0.3 0.3 0.3 0.3 0.3 0.3 0.3 0.3 0.3 0.3 0.3 0.3 0.3 0.3 0.3 0.3 0.3 0.3 0.3 0.3 0.3 0.3 0.3 0.3 0.3 0.3 0.3 0.3 0.3 0.3 0.3 0.3 0.3 0.3 0.3 0.3 0.3 0.3 0.3 0.3 0.3 0.3 0.3 0.3 0.3 0.3 0.3 0.3 0.3 0.3 0.3 0.3 0.3 0.3 0.3 0.3 0.3 0.3 0.3 0.3 0.3 0.3 0.3 0.3 0.3 0.3 0.3 0.3 0.3 0.3 0.3 0.3 0.3 0.3 0.3 0.3 0.3 0.3 0.3 0.3 0.3 0.3 0.3 0.3 0.3 0.3 0.3 0.3 0.3 0.3 0.3 0.3 0.3 0.3 0.3 0.3 0.3 0.3 0.3 0.3 0.3 0.3 0.3 0.3 0.3 0.3 0.3 0.3 0.3 0.3 0.3 0.3 0.3 0.3 0.3 0.3 0.3 0.3 0.3 0.3 0.3 0.3 0.3 0.3 0.3 0.3 0.3 0.3 0.3 0.3 0.3 0.3 0.3 0.3 0.3 0.3 0.3 0.3 0.3 0.3 0.3 0.3 0.3 0.3 0.3 0.3 0.3 0.3 0.3 0.3 0.3 0.3 0.3 0.3 0.3 0.3 0.3 0.3 0.3 0.3 0.3 0.3 0.3 0.3 0.3 0.3 0.3 0.3 0.3 0.3 0.3 0.3 0.3 0.3 0.3 0.3 0.3 0.3 0.3 0.3 0.3 0.3 0.3 0.3 0.3 0.3 0.3 0.3 0.3 0.3 0.3 0.3 0.3 0.3 0.3 0.3 0.3 0.3 0.3 0.3 0.3 0.3 0.3 0.3 0.3 0.3 0.3 0.3 0.3 0.3 0.3 0.3 0.3 0.3 0.3 0.3 0.3 0.3 0.3 0.3 0.3 0.3 0.3 0.3 0.3 0.3 0.3 0.3 0.3 0.3 0.3 0.3 0.3 0.3 0.3 0.3 0.3 0.3 0.3 0.3 0.3 0.3 0.3 0.3 0.3 0.3 0.3 0.3 0.3 0.3 0.3 0.3 0.3 0.3 0.3 0.3 0.3 0.3 0.3 0.3 0.3 0.3 0.3 0.3 0.3 0.3 0.3 0.3 0.3 0.3 0.3 0.3 0.3 0.3 0.3 0.3 0.3 0.3 0.3 0.3 0.3 0.3 0.3 0.3 0.3 0.3 0.3 0.3 0.3 0.3 0.3 0.3 0.3 0.3 0.3 0.3 0.3 0.3 0.3 0.3 0.3 0.3 0.3 0.3 0.3 0.3 0.3 0.3 0.3 0.3 0.3 0.3 0.3 0.3 0.3 0.3 0.3 0.3 0.3 0.3 0.3 0.3 0.3 0.3 0.3 0.3 0.3 0.3 0.3 0.3 0.3 0.3 0.3 0.3 0.3 0.3 0.3 0.3 0.3 0.3 0.3 0.3 0.3 0.3 0.3 0.3 0.3 0.3 0.3 0.3 0.3 0.3 0.3 0.3 0.3 0.3 0.3 0.3 0.3 0.3 0.3 0.3 0.3 0.3 0.3 0.3 0.3 0.3 0.3 0.3 0.3 0.3 0.3 0.3 0.3 0.3 0.3 0.3 0.3 0.3 0.3 0.3 0.3 0.3 0.3 0.3 0.3 0.3 0.3 0.3 0.3 0.3 0.3 0.3 0.3 0.3 0.3 0.3 0.3 0.3 0.3 0.3 0.3 0.3 0.3 0.3 0.3 0.3 0.3 0.3 0.3 0.3 0.3 0.3 0.3 0.3 0.3 0.3 0.3 0.3 0.3 0.3 0.3 0.3 0.3 0.3 0.3 0.3 0.3 0.3 0.3 0.3 0.3 0.3 0.3 0.3 0.3 0.3 0.3 0.3 0.3 0.3 0.3 0.3 0.3 0.3 0.3 0.3 0.3 0.3 0.3 0.3 0.3 0.3 0.3 0.3 0.3 0.3 0.3 0.3 0.3 0.3 0.3 0.3 0.3 0.3 0.3 0.3 0.3 0.3 0.3 0.3 0.3 0.3 0.3 0.3 0.3 0.3 0.3 0.3 0.3 0.3 0.3 0.3 0.3 0.3 0.3 0.3 0.3 0.3 0.3 0.3 0.3 0.3 0.3 0.3 0.3 0.3 0.3 0.3 0.3 0.3 0.3 0.3 0.3 0.3 0.3 0.3 0.3 0.3 0.3 0.3 0.3 0.3 0.3 0.3 0.3 0.3 0.3 0.3 0.3 0.3 0.3 0.3 0.3 0.3 0.3 0.3 0.3 0.3 0.3 0.3 0.3 0.3 0.3 0.3 0.3 0.3 0.3 0.3 0.3 0.3 0.3 0.3 0.3 0.3 0.3 0.3 0.3 0.3 0.3 0.3 0.3 0.3 0.3 0.3 0.3 0.3 0.3 0.3 0.3 0.3 0.3 0.3 0.3 0.3 0.3 0.3 0.3 0.3 0.3 0.3 0.3 0.3 0.3 0.3 0.3 0.3 0.3 0.3 0.3 0.3 0.3 0.3 0.3 0.3 0.3 0.3 0.3 0.3 0.3 0.3 0.3 0.3 0.3
/

trunk	height
&indivhttrunk
nodates = 1
values = 0.001 0.001 0.001 0.001 0.001 0.001 0.001 0.001 0.001 0.001 0.001 0.001 0.001 0.001 0.001 0.001 0.001 0.001 0.001 0.001 0.001 0.001 0.001 0.001 0.001 0.001 0.001 0.001 0.001 0.001 0.001 0.001 0.001 0.001 0.001 0.001 0.001 0.001 0.001 0.001 0.001 0.001 0.001 0.001 0.001 0.001 0.001 0.001 0.001 0.001 0.001 0.001 0.001 0.001 0.001 0.001 0.001 0.001 0.001 0.001 0.001 0.001 0.001 0.001 0.001 0.001 0.001 0.001 0.001 0.001 0.001 0.001 0.001 0.001 0.001 0.001 0.001 0.001 0.001 0.001 0.001 0.001 0.001 0.001 0.001 0.001 0.001 0.001 8.35 8.6 7.58 10.12 22.9 12.07 14.47 11.53 19.06 21.99 13.43 19.63 11.96 22.9 19.52 22.63 19.56 16.55 0.77 9.88 18.61 11.53 12.9 11.9 27.14 9.59 11.6 15.11 16.62 16.42 14.62 3.78 17.76 18.88 11.37 20.06 9.28 17.9 10.02 0.001 0.001 0.001 0.001 26.2 2.76 15.96 25.83 8.41 5.2 8.42 6.27 0.13 7.58 13.86 21.84 18.06 5.68 10.18 29.48 18.08 5.31 34.76 18.65 21.4 23.16 16.7 15.51 7.61 5.17 33.48 10.01 21.85 22.23 27.06 28.77 20.27 24.13 6.57 20.01 24.12 16.76 11.86 0.001 0.001 0.001 0.001 31.17 2.18 2.99 7.21 17.42 8.33 17.95 16.77 11.77 10.89 5.08 20.12 31.22 11.87 4.82 9.97 19.87 20.78 35.07 4.72 15.43 13.52 5.54 10.03 5.01 17.08 23.14 2.68 11.57 25.96 2.46 26.71 3.8 6.13 12.33 8.13 21.37 11.33 20.46 0.001 0.001 0.001 0.001 18.09 16.51 27.63 7.76 19.97 10.85 33.33 12.72 14.12 22.27 19.43 5.93 12.74 18.01 2.34 9.65 13.09 7.49 8.07 18.3 12.55 12.94 24.63 17.28 24.55 22.75 19.99 12.65 18.48 18.59 34.02 10.99 25.26 16.06 9.13 29.11 19.15 1.16 10.87 0.001 0.001 0.001 0.001 11.45 17.49 7.71 11.02 15.47 15.78 23.77 17.96 13.99 12.15 24.59 9.76 19.23 17.27 16.62 21.91 8.34 14.98 13.54 18.59 27.17 6.03 27.45 16.53 25.39 8.57 20.14 10.64 9.87 17.84 24.85 17.36 11.23 24.39 12.73 21.08 5.55 20.72 8.97 0.001 0.001 0.001 0.001 16.46 15.71 8.41 16.95 19.93 20.74 8.23 13.75 14.51 11.21 18.9 15.27 8.17 21.86 12.47 15.71 30.95 16.47 7.74 12.86 16.23 6.66 0.53 11.47 19.01 8.09 20.13 26.42 16.46 27.73 17.09 10.72 13.82 33.66 23.04 17.57 16.66 15.51 17.31 0.001 0.001 0.001 0.001 17.52 18.26 16.58 15.83 0.05 26.29 17.66 18.26 20.76 18.07 0.18 6.84 22.99 30.9 11.21 18.05 30.3 13.55 25.28 11.13 9.61 13.67 11.99 21.22 9.11 7.96 18.13 30.74 11.63 6.79 11.03 11.36 15.96 14.44 12.31 9.37 3.14 12.83 9.81 0.001 0.001 0.001 0.001 10.04 8.45 14 17.29 31.23 21.6 18.79 15.83 12.8 20.79 30.97 19.11 26.49 27.5 11.41 12.23 11.13 17.98 12.64 9.86 27.24 9.87 12.65 10.2 19.76 15.19 16.71 13.15 15.18 5.67 5.96 17.05 27.97 7.01 14.15 10.17 22.05 29.39 7.45 0.001 0.001 0.001 0.001 12.42 15.87 19.07 23.58 5.37 21.9 8.65 4.36 21.26 32.83 15.1 2.75 18.67 7.36 23.18 6.45 14.88 17.23 39 15.67 19.28 18.97 11.69 9.95 31.16 19.45 12.12 20.4 27.81 23.06 20.83 15.39 6.87 14.93 30.23 6.65 23.54 10.39 5.88 0.001 0.001 0.001 0.001 22.68 11.43 27.29 10.26 4.65 13.07 27.6 15.09 29.71 12.11 21.83 4.14 6.59 7.7 14.5 5.52 15.62 16.41 16.42 16.63 10.13 16.91 11.48 6.06 15.91 7.23 13.56 7.72 15.43 22.34 17.78 20.41 29.1 12.03 15.83 10.55 18.15 10.91 23.71 0.001 0.001 0.001 0.001 15.51 13.61 4.47 16.72 8.33 13.8 13.18 14.78 12.63 11.88 7.32 23.25 21.13 16.27 15.29 23.09 17.85 6.91 16.42 26.87 13.12 17.57 14.06 7.55 7.34 21.3 21.37 18.52 5.48 6.71 0.77 18.69 9.71 28.33 13.16 10.61 11.12 18.85 10.3 0.001 0.001 0.001 0.001 17.45 7.39 15.76 22.44 23.27 17.1 11.95 24.65 13.09 6.42 17 19.78 4.48 3.66 12.74 18.69 8.26 3.19 11.23 10.33 9.86 13.34 17.91 8.95 10.9 24.1 11.87 16.23 3.23 26 3.78 6.37 9.89 18.8 20.6 16.32 11.72 22.07 21.68 0.001 0.001 0.001 0.001 7.59 16.99 9.54 25.32 10.51 12.96 18.04 21.35 18.89 26.85 14.15 11.37 10.23 15.27 14.18 0.97 14.41 12.61 15.89 18.99 13.52 27.48 17.36 19.51 4.28 11.45 11.34 22.71 6.78 8.13 22.91 4.2 18.99 7.15 15.66 13.69 11 15.74 7.35 0.001 0.001 0.001 0.001 5.88 0.8 8.83 20.64 20.8 1.59 15.67 13.65 3.96 18.68 12.02 13.73 22.56 18.93 16.99 12.09 12 16.7 10.42 19.05 21.82 25.55 9.33 14.85 16.03 8.09 19.32 17.24 8.53 8.92 18.54 19.26 25.6 15.44 10.62 17.03 23.09 13.9 10.24 0.001 0.001 0.001 0.001 6.92 10.31 21.3 14.55 14.42 18.13 4.65 3.88 15.92 23.97 13.09 12.42 1.43 2.77 12.96 1.57 13.29 28.38 13.75 21.07 7.71 0.36 28.4 24.85 23.32 7.55 18.95 9.24 18.97 16.07 3.45 9.17 21.54 16.43 21.37 10.77 24.03 27.78 14.56 0.001 0.001 0.001 0.001 9.22 4.96 18.06 16.55 13.32 3.72 16.79 11.7 23.14 17.16 10.56 7.27 20.42 8.89 18.11 13.56 11.92 16.55 17.13 10.46 19.37 17.1 24.87 4.1 6.31 14.65 16.22 22.06 12.05 10.78 26.27 11.42 9.37 7.36 7.09 10.19 25.53 14.51 14.63 0.001 0.001 0.001 0.001 16.89 9.32 30.22 9.3 19.06 4.75 22.85 17.59 23.77 27.17 12.92 6.28 21.56 16.83 14.81 14.42 15.46 11.29 18.59 20.64 16.29 14.54 19.78 4.02 8.63 18.82 19.74 23.75 17.93 13.97 6.8 2.48 23.49 19.27 10.28 8.12 22.47 8.33 24.94 0.001 0.001 0.001 0.001 20.51 9.1 8.42 5.84 27.12 18.74 27.02 19.77 6.99 2.19 7.34 13.3 24.32 10.66 22.74 13.56 11.82 27.35 9.25 20.67 26.2 19.92 18.71 13.1 10.03 19.22 9.16 21.44 22.01 9.06 25.2 15.15 6.11 17.58 19.39 4.27 22.64 17.4 11.24 0.001 0.001 0.001 0.001 18.42 4.83 19.83 15.53 15.08 20.41 15.7 10.77 15.05 10.79 28.17 16.28 22.99 26.28 19.95 8.71 17.96 12.15 30.5 7.28 14.08 16.3 19.15 9.31 15.27 14.97 13.35 3.32 13.21 18.19 11.65 4.49 10.89 16.86 4.86 24.64 30.72 6.93 19.83 0.001 0.001 0.001 0.001 13.32 6.08 19.5 8.53 9.98 20.69 22.33 26.15 21.07 22.87 4.66 6.25 18.38 19.15 16.29 8.95 22.34 23.78 13.09 0.15 25.18 22.86 31.72 3.97 7.27 16.24 5.67 15.87 23.98 9.76 17.2 18.28 19.71 6.3 14.84 22.84 24.84 14.38 21.89 0.001 0.001 0.001 0.001 8.89 20.2 20.29 17.09 5.98 19.82 10.46 4.67 8.06 19.25 34.47 13.2 20.16 13.86 16.71 9.99 15.23 15.21 12.26 17.23 30.97 24.94 14.13 3.97 12.16 4.01 23.06 5.8 25.88 20.38 18.31 6.46 7.7 19.45 9.82 6.65 25.06 5.42 8.11 0.001 0.001 0.001 0.001 25.15 1.76 14.96 18.2 16.58 2.5 23.89 22.46 21.95 13.01 13.27 11.22 0.07 20.58 10.82 11.41 30.47 17.83 9.19 25.39 12.13 23.24 21.15 18.89 5.14 16.93 17.61 16.19 13.61 29.63 27.99 14.95 18.79 25.32 31.25 16.53 12.24 27.86 21.24 0.001 0.001 0.001 0.001 1.8 10.49 19.66 4.46 0.72 11.32 10.99 12.34 1.49 13.94 3.51 20.61 8.05 18.95 11.97 14.77 18.93 22.13 25.76 24.09 9.91 20.67 31.02 22.74 18.83 25.4 1.47 3.55 5.27 1.74 21.49 9.21 14.17 5.75 24.98 8.28 14.99 23.07 17.08 0.001 0.001 0.001 0.001 15.31 9.64 33.93 16.75 15.4 15.05 0.78 18.61 17.49 10.16 12.23 11.88 19.32 8.41 8.93 18.7 8.97 12.41 16.45 18.49 8.02 25.04 16.26 5.28 8.27 13.51 15.1 13.53 17.09 9.74 19.84 20.24 22.48 2.68 8.99 16.82 14.21 13.66 4.36 0.001 0.001 0.001 0.001 7.35 16.26 5.64 5.56 16.8 17.65 11.39 1.14 10.77 7.72 12.02 18.14 14.92 17.66 10.88 20.48 17.35 26.55 17.27 11.93 18.41 15.39 4.32 25.04 8.47 15.46 27.65 11.52 21.59 5.98 22.85 18.88 10.2 6.59 26.27 6.71 18.06 11.33 5.23 0.001 0.001 0.001 0.001 14.17 13.56 8.18 17.92 13.27 16.41 4.39 20.55 18.83 10.49 21.48 12.99 19.19 16.76 14.81 7.66 15.3 14.24 21.44 8.02 18.98 10.59 13.72 25.27 16.64 15.38 18.98 22.62 19.11 14.17 16.62 5.74 22.17 18.49 19.2 21.03 5.73 12.83 22.55 0.001 0.001 0.001 0.001 25.91 9.3 15.29 14.49 14.1 9.5 7 5.97 12.42 14.84 27.91 19.82 10.32 0.22 18.77 10.99 14.47 20.77 23.79 13.37 10.27 21.59 15.64 6.84 18.24 31.03 15.47 9.7 7.05 21.71 14.59 13.21 8.29 12.46 14.92 14.76 15.69 7.95 17.99 0.001 0.001 0.001 0.001 8.87 9.7 0.55 27.12 19.41 8.85 23.27 13.2 19.57 18.48 19.2 16.89 6 8.41 6.24 26.55 12.86 14.69 14.88 14.64 10.25 15.27 19.31 16.12 27.7 24.25 16.35 10.7 13.29 6.51 23.13 17.9 9.87 18.12 13.13 17.06 9.86 19.28 23.45 0.001 0.001 0.001 0.001 14.16 10.85 24.74 13.56 18.29 19.95 19.12 14.36 11.89 11.61 18.65 8 25.47 17.38 21.76 11.33 9.54 10.97 17.11 9.76 17.24 9.31 16.4 14.37 24.04 22.16 26.62 14.37 19.6 7.49 16.02 11.89 11.82 21.53 2.55 16.7 30.39 17.94 12.94 0.001 0.001 0.001 0.001 24.85 17.02 23.54 24.22 20.36 23.14 26.51 1.2 15.3 16.63 10.52 14.43 7.05 10.89 15.72 25.27 18.32 12.69 4.09 24.82 26.03 26.33 14.57 16.04 22.57 14.28 30.59 15.36 23.74 19.45 12.58 14.43 2.63 15.46 16.37 10.06 8.5 14.52 15.25 0.001 0.001 0.001 0.001 18.82 26.76 30.78 21.25 3.51 23.12 14.73 10.86 4.36 15.58 21.3 2.18 17.08 20.55 5.45 23.49 16.76 14.01 10.79 26.95 10.89 14.45 27.77 22 12.1 22.52 8.9 9.55 15.26 10.82 13.23 20.52 14.21 9.35 4.19 13.45 13.3 17.72 16.32 0.001 0.001 0.001 0.001 10.69 16.2 13.75 20.1 20.38 18.57 28.01 30.52 26.12 23.27 2.81 11.28 12.5 3.12 17.31 20.34 27.73 10.3 16.11 7.3 15.76 9.08 20.16 25.88 11.44 23.36 23.13 38.13 15.18 9.07 13.86 20.31 2.49 19.6 17.69 26.18 4.33 4.44 6.81 0.001 0.001 0.001 0.001 15.07 17.71 16.2 6.54 19.8 22.1 20.12 2.92 11.92 14.94 30.13 15.96 11.62 15.75 12.39 20.52 19.13 24.06 4.57 17.09 12.58 10.79 7.39 23.52 4.18 9.79 22.52 27.87 20.82 20.92 2.79 25.87 7.72 19.73 21.6 6.53 16.98 15.68 20.56 0.001 0.001 0.001 0.001 4.18 19.97 19.62 10.28 17.3 21.26 9.07 6.81 3.35 5.37 17.37 32.76 31.28 10.18 17.84 22.68 16.25 15.29 14.43 19.3 23.26 18.76 12.05 3.59 16.36 8.18 9.31 17.28 24.47 16.5 9.04 15.32 26.23 21.5 20.98 4.09 11.38 26.19 19.98 0.001 0.001 0.001 0.001 20.6 9.53 22.07 14.75 10.39 10.01 12.23 14.33 20.25 1.04 23.28 19.95 18.09 2.95 8.96 6.91 20.14 29.13 3.97 13.33 22.06 19.24 7.02 25.89 4.17 9.34 22.88 20.34 8.25 14.85 24.52 15.87 12.89 18.07 18.73 8.53 17.84 28.37 18.7 0.001 0.001 0.001 0.001 22.59 17.09 9.97 15.8 19.46 20.72 12.44 27.09 12.63 4.13 18.38 23.47 0.31 13.77 7.39 15.84 5.26 8.08 5.15 13.93 20.22 6.33 12.37 18.47 6.61 27.06 13.44 29.43 9.59 12.64 9.84 21.33 12.77 6.68 15.46 17.68 8.05 18.5 7.2 0.001 0.001 0.001 0.001 1.94 17.7 22.13 9.83 12.04 10.6 8.21 16.39 19.53 21.32 0.81 11.9 12.43 11.82 4.9 7.58 15.98 31.55 11.34 14.56 17.86 25.47 16.23 14.44 7.17 15.12 10.74 17.52 15.54 4.41 14.54 11.56 20.47 22.63 22.03 9.35 5.56 18.09 14.85 0.001 0.001 0.001 0.001 27.29 26.06 26.75 8.11 13.09 1.65 30.09 20.57 17.27 8.02 10.32 23.55 26.44 14.39 11.9 16.33 2.91 22.01 20.85 22.12 12.91 4.1 22.39 16.98 16.36 11.33 13.92 25.16 17.62 21.4 22.59 8.03 20.97 8.98 11.56 20.15 10.54 11.94 12.14 0.001 0.001 0.001 0.001 13.64 3.98 0.78 7.38 14.36 9.09 25.87 18.15 18.05 11.43 19.24 6.59 14.48 16.29 14.71 23.83 27.27 21.4 3.07 15.06 11.6 28.17 26.46 16.25 20.69 27.88 17.64 15.83 16.04 22.56 13.15 24.23 17.51 24.69 15 17.2 5.38 32.89 10.2 0.001 0.001 0.001 0.001 0.001 0.001 0.001 0.001 0.001 0.001 0.001 0.001 0.001 0.001 0.001 0.001 0.001 0.001 0.001 0.001 0.001 0.001 0.001 0.001 0.001 0.001 0.001 0.001 0.001 0.001 0.001 0.001 0.001 0.001 0.001 0.001 0.001 0.001 0.001 0.001 0.001 0.001 0.001 0.001 0.001 0.001 0.001 0.001 0.001 0.001 0.001 0.001 0.001 0.001 0.001 0.001 0.001 0.001 0.001 0.001 0.001 0.001 0.001 0.001 0.001 0.001 0.001 0.001 0.001 0.001 0.001 0.001 0.001 0.001 0.001 0.001 0.001 0.001 0.001 0.001 0.001 0.001 0.001 0.001 0.001 0.001 0.001 0.001
/

leaf	area
&indivlarea
nodates = 1
values = 900
900
900
900
900
900
900
900
900
900
900
900
900
900
900
900
900
900
900
900
900
900
900
900
900
900
900
900
900
900
900
900
900
900
900
900
900
900
900
900
900
900
900
900
900
900
900
900
900
900
900
900
900
900
900
900
900
900
900
900
900
900
900
900
900
900
900
900
900
900
900
900
900
900
900
900
900
900
900
900
900
900
900
900
900
900
900
900
47.62
47.62
47.62
47.62
47.62
47.62
47.62
47.62
47.62
47.62
47.62
47.62
47.62
47.62
47.62
47.62
47.62
47.62
47.62
47.62
47.62
47.62
47.62
47.62
47.62
47.62
47.62
47.62
47.62
47.62
47.62
47.62
47.62
47.62
47.62
47.62
47.62
47.62
47.62
900
900
900
900
47.62
47.62
47.62
47.62
47.62
47.62
47.62
47.62
47.62
47.62
47.62
47.62
47.62
47.62
47.62
47.62
47.62
47.62
47.62
47.62
47.62
47.62
47.62
47.62
47.62
47.62
47.62
47.62
47.62
47.62
47.62
47.62
47.62
47.62
47.62
47.62
47.62
47.62
47.62
900
900
900
900
47.62
47.62
47.62
47.62
47.62
47.62
47.62
47.62
47.62
47.62
47.62
47.62
47.62
47.62
47.62
47.62
47.62
47.62
47.62
47.62
47.62
47.62
47.62
47.62
47.62
47.62
47.62
47.62
47.62
47.62
47.62
47.62
47.62
47.62
47.62
47.62
47.62
47.62
47.62
900
900
900
900
47.62
47.62
47.62
47.62
47.62
47.62
47.62
47.62
47.62
47.62
47.62
47.62
47.62
47.62
47.62
47.62
47.62
47.62
47.62
47.62
47.62
47.62
47.62
47.62
47.62
47.62
47.62
47.62
47.62
47.62
47.62
47.62
47.62
47.62
47.62
47.62
47.62
47.62
47.62
900
900
900
900
47.62
47.62
47.62
47.62
47.62
47.62
47.62
47.62
47.62
47.62
47.62
47.62
47.62
47.62
47.62
47.62
47.62
47.62
47.62
47.62
47.62
47.62
47.62
47.62
47.62
47.62
47.62
47.62
47.62
47.62
47.62
47.62
47.62
47.62
47.62
47.62
47.62
47.62
47.62
900
900
900
900
47.62
47.62
47.62
47.62
47.62
47.62
47.62
47.62
47.62
47.62
47.62
47.62
47.62
47.62
47.62
47.62
47.62
47.62
47.62
47.62
47.62
47.62
47.62
47.62
47.62
47.62
47.62
47.62
47.62
47.62
47.62
47.62
47.62
47.62
47.62
47.62
47.62
47.62
47.62
900
900
900
900
47.62
47.62
47.62
47.62
47.62
47.62
47.62
47.62
47.62
47.62
47.62
47.62
47.62
47.62
47.62
47.62
47.62
47.62
47.62
47.62
47.62
47.62
47.62
47.62
47.62
47.62
47.62
47.62
47.62
47.62
47.62
47.62
47.62
47.62
47.62
47.62
47.62
47.62
47.62
900
900
900
900
47.62
47.62
47.62
47.62
47.62
47.62
47.62
47.62
47.62
47.62
47.62
47.62
47.62
47.62
47.62
47.62
47.62
47.62
47.62
47.62
47.62
47.62
47.62
47.62
47.62
47.62
47.62
47.62
47.62
47.62
47.62
47.62
47.62
47.62
47.62
47.62
47.62
47.62
47.62
900
900
900
900
47.62
47.62
47.62
47.62
47.62
47.62
47.62
47.62
47.62
47.62
47.62
47.62
47.62
47.62
47.62
47.62
47.62
47.62
47.62
47.62
47.62
47.62
47.62
47.62
47.62
47.62
47.62
47.62
47.62
47.62
47.62
47.62
47.62
47.62
47.62
47.62
47.62
47.62
47.62
900
900
900
900
47.62
47.62
47.62
47.62
47.62
47.62
47.62
47.62
47.62
47.62
47.62
47.62
47.62
47.62
47.62
47.62
47.62
47.62
47.62
47.62
47.62
47.62
47.62
47.62
47.62
47.62
47.62
47.62
47.62
47.62
47.62
47.62
47.62
47.62
47.62
47.62
47.62
47.62
47.62
900
900
900
900
47.62
47.62
47.62
47.62
47.62
47.62
47.62
47.62
47.62
47.62
47.62
47.62
47.62
47.62
47.62
47.62
47.62
47.62
47.62
47.62
47.62
47.62
47.62
47.62
47.62
47.62
47.62
47.62
47.62
47.62
47.62
47.62
47.62
47.62
47.62
47.62
47.62
47.62
47.62
900
900
900
900
47.62
47.62
47.62
47.62
47.62
47.62
47.62
47.62
47.62
47.62
47.62
47.62
47.62
47.62
47.62
47.62
47.62
47.62
47.62
47.62
47.62
47.62
47.62
47.62
47.62
47.62
47.62
47.62
47.62
47.62
47.62
47.62
47.62
47.62
47.62
47.62
47.62
47.62
47.62
900
900
900
900
47.62
47.62
47.62
47.62
47.62
47.62
47.62
47.62
47.62
47.62
47.62
47.62
47.62
47.62
47.62
47.62
47.62
47.62
47.62
47.62
47.62
47.62
47.62
47.62
47.62
47.62
47.62
47.62
47.62
47.62
47.62
47.62
47.62
47.62
47.62
47.62
47.62
47.62
47.62
900
900
900
900
47.62
47.62
47.62
47.62
47.62
47.62
47.62
47.62
47.62
47.62
47.62
47.62
47.62
47.62
47.62
47.62
47.62
47.62
47.62
47.62
47.62
47.62
47.62
47.62
47.62
47.62
47.62
47.62
47.62
47.62
47.62
47.62
47.62
47.62
47.62
47.62
47.62
47.62
47.62
900
900
900
900
47.62
47.62
47.62
47.62
47.62
47.62
47.62
47.62
47.62
47.62
47.62
47.62
47.62
47.62
47.62
47.62
47.62
47.62
47.62
47.62
47.62
47.62
47.62
47.62
47.62
47.62
47.62
47.62
47.62
47.62
47.62
47.62
47.62
47.62
47.62
47.62
47.62
47.62
47.62
900
900
900
900
47.62
47.62
47.62
47.62
47.62
47.62
47.62
47.62
47.62
47.62
47.62
47.62
47.62
47.62
47.62
47.62
47.62
47.62
47.62
47.62
47.62
47.62
47.62
47.62
47.62
47.62
47.62
47.62
47.62
47.62
47.62
47.62
47.62
47.62
47.62
47.62
47.62
47.62
47.62
900
900
900
900
47.62
47.62
47.62
47.62
47.62
47.62
47.62
47.62
47.62
47.62
47.62
47.62
47.62
47.62
47.62
47.62
47.62
47.62
47.62
47.62
47.62
47.62
47.62
47.62
47.62
47.62
47.62
47.62
47.62
47.62
47.62
47.62
47.62
47.62
47.62
47.62
47.62
47.62
47.62
900
900
900
900
47.62
47.62
47.62
47.62
47.62
47.62
47.62
47.62
47.62
47.62
47.62
47.62
47.62
47.62
47.62
47.62
47.62
47.62
47.62
47.62
47.62
47.62
47.62
47.62
47.62
47.62
47.62
47.62
47.62
47.62
47.62
47.62
47.62
47.62
47.62
47.62
47.62
47.62
47.62
900
900
900
900
47.62
47.62
47.62
47.62
47.62
47.62
47.62
47.62
47.62
47.62
47.62
47.62
47.62
47.62
47.62
47.62
47.62
47.62
47.62
47.62
47.62
47.62
47.62
47.62
47.62
47.62
47.62
47.62
47.62
47.62
47.62
47.62
47.62
47.62
47.62
47.62
47.62
47.62
47.62
900
900
900
900
47.62
47.62
47.62
47.62
47.62
47.62
47.62
47.62
47.62
47.62
47.62
47.62
47.62
47.62
47.62
47.62
47.62
47.62
47.62
0.1
47.62
47.62
47.62
47.62
47.62
47.62
47.62
47.62
47.62
47.62
47.62
47.62
47.62
47.62
47.62
47.62
47.62
47.62
47.62
900
900
900
900
47.62
47.62
47.62
47.62
47.62
47.62
47.62
47.62
47.62
47.62
47.62
47.62
47.62
47.62
47.62
47.62
47.62
47.62
47.62
47.62
47.62
47.62
47.62
47.62
47.62
47.62
47.62
47.62
47.62
47.62
47.62
47.62
47.62
47.62
47.62
47.62
47.62
47.62
47.62
900
900
900
900
47.62
47.62
47.62
47.62
47.62
47.62
47.62
47.62
47.62
47.62
47.62
47.62
47.62
47.62
47.62
47.62
47.62
47.62
47.62
47.62
47.62
47.62
47.62
47.62
47.62
47.62
47.62
47.62
47.62
47.62
47.62
47.62
47.62
47.62
47.62
47.62
47.62
47.62
47.62
900
900
900
900
47.62
47.62
47.62
47.62
47.62
47.62
47.62
47.62
47.62
47.62
47.62
47.62
47.62
47.62
47.62
47.62
47.62
47.62
47.62
47.62
47.62
47.62
47.62
47.62
47.62
47.62
47.62
47.62
47.62
47.62
47.62
47.62
47.62
47.62
47.62
47.62
47.62
47.62
47.62
900
900
900
900
47.62
47.62
47.62
47.62
47.62
47.62
47.62
47.62
47.62
47.62
47.62
47.62
47.62
47.62
47.62
47.62
47.62
47.62
47.62
47.62
47.62
47.62
47.62
47.62
47.62
47.62
47.62
47.62
47.62
47.62
47.62
47.62
47.62
47.62
47.62
47.62
47.62
47.62
47.62
900
900
900
900
47.62
47.62
47.62
47.62
47.62
47.62
47.62
47.62
47.62
47.62
47.62
47.62
47.62
47.62
47.62
47.62
47.62
47.62
47.62
47.62
47.62
47.62
47.62
47.62
47.62
47.62
47.62
47.62
47.62
47.62
47.62
47.62
47.62
47.62
47.62
47.62
47.62
47.62
47.62
900
900
900
900
47.62
47.62
47.62
47.62
47.62
47.62
47.62
47.62
47.62
47.62
47.62
47.62
47.62
47.62
47.62
47.62
47.62
47.62
47.62
47.62
47.62
47.62
47.62
47.62
47.62
47.62
47.62
47.62
47.62
47.62
47.62
47.62
47.62
47.62
47.62
47.62
47.62
47.62
47.62
900
900
900
900
47.62
47.62
47.62
47.62
47.62
47.62
47.62
47.62
47.62
47.62
47.62
47.62
47.62
47.62
47.62
47.62
47.62
47.62
47.62
47.62
47.62
47.62
47.62
47.62
47.62
47.62
47.62
47.62
47.62
47.62
47.62
47.62
47.62
47.62
47.62
47.62
47.62
47.62
47.62
900
900
900
900
47.62
47.62
47.62
47.62
47.62
47.62
47.62
47.62
47.62
47.62
47.62
47.62
47.62
47.62
47.62
47.62
47.62
47.62
47.62
47.62
47.62
47.62
47.62
47.62
47.62
47.62
47.62
47.62
47.62
47.62
47.62
47.62
47.62
47.62
47.62
47.62
47.62
47.62
47.62
900
900
900
900
47.62
47.62
47.62
47.62
47.62
47.62
47.62
47.62
47.62
47.62
47.62
47.62
47.62
47.62
47.62
47.62
47.62
47.62
47.62
47.62
47.62
47.62
47.62
47.62
47.62
47.62
47.62
47.62
47.62
47.62
47.62
47.62
47.62
47.62
47.62
47.62
47.62
47.62
47.62
900
900
900
900
47.62
47.62
47.62
47.62
47.62
47.62
47.62
47.62
47.62
47.62
47.62
47.62
47.62
47.62
47.62
47.62
47.62
47.62
47.62
47.62
47.62
47.62
47.62
47.62
47.62
47.62
47.62
47.62
47.62
47.62
47.62
47.62
47.62
47.62
47.62
47.62
47.62
47.62
47.62
900
900
900
900
47.62
47.62
47.62
47.62
47.62
47.62
47.62
47.62
47.62
47.62
47.62
47.62
47.62
47.62
47.62
47.62
47.62
47.62
47.62
47.62
47.62
47.62
47.62
47.62
47.62
47.62
47.62
47.62
47.62
47.62
47.62
47.62
47.62
47.62
47.62
47.62
47.62
47.62
47.62
900
900
900
900
47.62
47.62
47.62
47.62
47.62
47.62
47.62
47.62
47.62
47.62
47.62
47.62
47.62
47.62
47.62
47.62
47.62
47.62
47.62
47.62
47.62
47.62
47.62
47.62
47.62
47.62
47.62
47.62
47.62
47.62
47.62
47.62
47.62
47.62
47.62
47.62
47.62
47.62
47.62
900
900
900
900
47.62
47.62
47.62
47.62
47.62
47.62
47.62
47.62
47.62
47.62
47.62
47.62
47.62
47.62
47.62
47.62
47.62
47.62
47.62
47.62
47.62
47.62
47.62
47.62
47.62
47.62
47.62
47.62
47.62
47.62
47.62
47.62
47.62
47.62
47.62
47.62
47.62
47.62
47.62
900
900
900
900
47.62
47.62
47.62
47.62
47.62
47.62
47.62
47.62
47.62
47.62
47.62
47.62
47.62
47.62
47.62
47.62
47.62
47.62
47.62
47.62
47.62
47.62
47.62
47.62
47.62
47.62
47.62
47.62
47.62
47.62
47.62
47.62
47.62
47.62
47.62
47.62
47.62
47.62
47.62
900
900
900
900
47.62
47.62
47.62
47.62
47.62
47.62
47.62
47.62
47.62
47.62
47.62
47.62
47.62
47.62
47.62
47.62
47.62
47.62
47.62
47.62
47.62
47.62
47.62
47.62
47.62
47.62
47.62
47.62
47.62
47.62
47.62
47.62
47.62
47.62
47.62
47.62
47.62
47.62
47.62
900
900
900
900
47.62
47.62
47.62
47.62
47.62
47.62
47.62
47.62
47.62
47.62
47.62
47.62
47.62
47.62
47.62
47.62
47.62
47.62
47.62
47.62
47.62
47.62
47.62
47.62
47.62
47.62
47.62
47.62
47.62
47.62
47.62
47.62
47.62
47.62
47.62
47.62
47.62
47.62
47.62
900
900
900
900
47.62
47.62
47.62
47.62
47.62
47.62
47.62
47.62
47.62
47.62
47.62
47.62
47.62
47.62
47.62
47.62
47.62
47.62
47.62
47.62
47.62
47.62
47.62
47.62
47.62
47.62
47.62
47.62
47.62
47.62
47.62
47.62
47.62
47.62
47.62
47.62
47.62
47.62
47.62
900
900
900
900
47.62
47.62
47.62
47.62
47.62
47.62
47.62
47.62
47.62
47.62
47.62
47.62
47.62
47.62
47.62
47.62
47.62
47.62
47.62
47.62
47.62
47.62
47.62
47.62
47.62
47.62
47.62
47.62
47.62
47.62
47.62
47.62
47.62
47.62
47.62
47.62
47.62
47.62
47.62
900
900
900
900
47.62
47.62
47.62
47.62
47.62
47.62
47.62
47.62
47.62
47.62
47.62
47.62
47.62
47.62
47.62
47.62
47.62
47.62
47.62
47.62
47.62
47.62
47.62
47.62
47.62
47.62
47.62
47.62
47.62
47.62
47.62
47.62
47.62
47.62
47.62
47.62
47.62
47.62
47.62
900
900
900
900
900
900
900
900
900
900
900
900
900
900
900
900
900
900
900
900
900
900
900
900
900
900
900
900
900
900
900
900
900
900
900
900
900
900
900
900
900
900
900
900
900
900
900
900
900
900
900
900
900
900
900
900
900
900
900
900
900
900
900
900
900
900
900
900
900
900
900
900
900
900
900
900
900
900
900
900
900
900
900
900
900
900
900
900 

/

