Example trees file.

&plot
x0 = 0
y0 = 0
xmax = 196
ymax = 196
xslope = 0
yslope = 0
bearing = 45
notrees = 1225
/

&aerodyn
zht	=	30
zpd	=	16
z0ht	=	3
/

&xy
xycoords = 0 0
0 5.76
0 11.53
0 17.29
0 23.06
0 28.82
0 34.59
0 40.35
0 46.12
0 51.88
0 57.65
0 63.41
0 69.18
0 74.94
0 80.71
0 86.47
0 92.24
0 98
0 103.76
0 109.53
0 115.29
0 121.06
0 126.82
0 132.59
0 138.35
0 144.12
0 149.88
0 155.65
0 161.41
0 167.18
0 172.94
0 178.71
0 184.47
0 190.24
0 196
5.76 0
5.76 5.76
5.76 11.53
5.76 17.29
5.76 23.06
5.76 28.82
5.76 34.59
5.76 40.35
5.76 46.12
5.76 51.88
5.76 57.65
5.76 63.41
5.76 69.18
5.76 74.94
5.76 80.71
5.76 86.47
5.76 92.24
5.76 98
5.76 103.76
5.76 109.53
5.76 115.29
5.76 121.06
5.76 126.82
5.76 132.59
5.76 138.35
5.76 144.12
5.76 149.88
5.76 155.65
5.76 161.41
5.76 167.18
5.76 172.94
5.76 178.71
5.76 184.47
5.76 190.24
5.76 196
11.53 0
11.53 5.76
11.53 11.53
11.53 17.29
11.53 23.06
11.53 28.82
11.53 34.59
11.53 40.35
11.53 46.12
11.53 51.88
11.53 57.65
11.53 63.41
11.53 69.18
11.53 74.94
11.53 80.71
11.53 86.47
11.53 92.24
11.53 98
11.53 103.76
11.53 109.53
11.53 115.29
11.53 121.06
11.53 126.82
11.53 132.59
11.53 138.35
11.53 144.12
11.53 149.88
11.53 155.65
11.53 161.41
11.53 167.18
11.53 172.94
11.53 178.71
11.53 184.47
11.53 190.24
11.53 196
17.29 0
17.29 5.76
17.29 11.53
17.29 17.29
17.29 23.06
17.29 28.82
17.29 34.59
17.29 40.35
17.29 46.12
17.29 51.88
17.29 57.65
17.29 63.41
17.29 69.18
17.29 74.94
17.29 80.71
17.29 86.47
17.29 92.24
17.29 98
17.29 103.76
17.29 109.53
17.29 115.29
17.29 121.06
17.29 126.82
17.29 132.59
17.29 138.35
17.29 144.12
17.29 149.88
17.29 155.65
17.29 161.41
17.29 167.18
17.29 172.94
17.29 178.71
17.29 184.47
17.29 190.24
17.29 196
23.06 0
23.06 5.76
23.06 11.53
23.06 17.29
23.06 23.06
23.06 28.82
23.06 34.59
23.06 40.35
23.06 46.12
23.06 51.88
23.06 57.65
23.06 63.41
23.06 69.18
23.06 74.94
23.06 80.71
23.06 86.47
23.06 92.24
23.06 98
23.06 103.76
23.06 109.53
23.06 115.29
23.06 121.06
23.06 126.82
23.06 132.59
23.06 138.35
23.06 144.12
23.06 149.88
23.06 155.65
23.06 161.41
23.06 167.18
23.06 172.94
23.06 178.71
23.06 184.47
23.06 190.24
23.06 196
28.82 0
28.82 5.76
28.82 11.53
28.82 17.29
28.82 23.06
28.82 28.82
28.82 34.59
28.82 40.35
28.82 46.12
28.82 51.88
28.82 57.65
28.82 63.41
28.82 69.18
28.82 74.94
28.82 80.71
28.82 86.47
28.82 92.24
28.82 98
28.82 103.76
28.82 109.53
28.82 115.29
28.82 121.06
28.82 126.82
28.82 132.59
28.82 138.35
28.82 144.12
28.82 149.88
28.82 155.65
28.82 161.41
28.82 167.18
28.82 172.94
28.82 178.71
28.82 184.47
28.82 190.24
28.82 196
34.59 0
34.59 5.76
34.59 11.53
34.59 17.29
34.59 23.06
34.59 28.82
34.59 34.59
34.59 40.35
34.59 46.12
34.59 51.88
34.59 57.65
34.59 63.41
34.59 69.18
34.59 74.94
34.59 80.71
34.59 86.47
34.59 92.24
34.59 98
34.59 103.76
34.59 109.53
34.59 115.29
34.59 121.06
34.59 126.82
34.59 132.59
34.59 138.35
34.59 144.12
34.59 149.88
34.59 155.65
34.59 161.41
34.59 167.18
34.59 172.94
34.59 178.71
34.59 184.47
34.59 190.24
34.59 196
40.35 0
40.35 5.76
40.35 11.53
40.35 17.29
40.35 23.06
40.35 28.82
40.35 34.59
40.35 40.35
40.35 46.12
40.35 51.88
40.35 57.65
40.35 63.41
40.35 69.18
40.35 74.94
40.35 80.71
40.35 86.47
40.35 92.24
40.35 98
40.35 103.76
40.35 109.53
40.35 115.29
40.35 121.06
40.35 126.82
40.35 132.59
40.35 138.35
40.35 144.12
40.35 149.88
40.35 155.65
40.35 161.41
40.35 167.18
40.35 172.94
40.35 178.71
40.35 184.47
40.35 190.24
40.35 196
46.12 0
46.12 5.76
46.12 11.53
46.12 17.29
46.12 23.06
46.12 28.82
46.12 34.59
46.12 40.35
46.12 46.12
46.12 51.88
46.12 57.65
46.12 63.41
46.12 69.18
46.12 74.94
46.12 80.71
46.12 86.47
46.12 92.24
46.12 98
46.12 103.76
46.12 109.53
46.12 115.29
46.12 121.06
46.12 126.82
46.12 132.59
46.12 138.35
46.12 144.12
46.12 149.88
46.12 155.65
46.12 161.41
46.12 167.18
46.12 172.94
46.12 178.71
46.12 184.47
46.12 190.24
46.12 196
51.88 0
51.88 5.76
51.88 11.53
51.88 17.29
51.88 23.06
51.88 28.82
51.88 34.59
51.88 40.35
51.88 46.12
51.88 51.88
51.88 57.65
51.88 63.41
51.88 69.18
51.88 74.94
51.88 80.71
51.88 86.47
51.88 92.24
51.88 98
51.88 103.76
51.88 109.53
51.88 115.29
51.88 121.06
51.88 126.82
51.88 132.59
51.88 138.35
51.88 144.12
51.88 149.88
51.88 155.65
51.88 161.41
51.88 167.18
51.88 172.94
51.88 178.71
51.88 184.47
51.88 190.24
51.88 196
57.65 0
57.65 5.76
57.65 11.53
57.65 17.29
57.65 23.06
57.65 28.82
57.65 34.59
57.65 40.35
57.65 46.12
57.65 51.88
57.65 57.65
57.65 63.41
57.65 69.18
57.65 74.94
57.65 80.71
57.65 86.47
57.65 92.24
57.65 98
57.65 103.76
57.65 109.53
57.65 115.29
57.65 121.06
57.65 126.82
57.65 132.59
57.65 138.35
57.65 144.12
57.65 149.88
57.65 155.65
57.65 161.41
57.65 167.18
57.65 172.94
57.65 178.71
57.65 184.47
57.65 190.24
57.65 196
63.41 0
63.41 5.76
63.41 11.53
63.41 17.29
63.41 23.06
63.41 28.82
63.41 34.59
63.41 40.35
63.41 46.12
63.41 51.88
63.41 57.65
63.41 63.41
63.41 69.18
63.41 74.94
63.41 80.71
63.41 86.47
63.41 92.24
63.41 98
63.41 103.76
63.41 109.53
63.41 115.29
63.41 121.06
63.41 126.82
63.41 132.59
63.41 138.35
63.41 144.12
63.41 149.88
63.41 155.65
63.41 161.41
63.41 167.18
63.41 172.94
63.41 178.71
63.41 184.47
63.41 190.24
63.41 196
69.18 0
69.18 5.76
69.18 11.53
69.18 17.29
69.18 23.06
69.18 28.82
69.18 34.59
69.18 40.35
69.18 46.12
69.18 51.88
69.18 57.65
69.18 63.41
69.18 69.18
69.18 74.94
69.18 80.71
69.18 86.47
69.18 92.24
69.18 98
69.18 103.76
69.18 109.53
69.18 115.29
69.18 121.06
69.18 126.82
69.18 132.59
69.18 138.35
69.18 144.12
69.18 149.88
69.18 155.65
69.18 161.41
69.18 167.18
69.18 172.94
69.18 178.71
69.18 184.47
69.18 190.24
69.18 196
74.94 0
74.94 5.76
74.94 11.53
74.94 17.29
74.94 23.06
74.94 28.82
74.94 34.59
74.94 40.35
74.94 46.12
74.94 51.88
74.94 57.65
74.94 63.41
74.94 69.18
74.94 74.94
74.94 80.71
74.94 86.47
74.94 92.24
74.94 98
74.94 103.76
74.94 109.53
74.94 115.29
74.94 121.06
74.94 126.82
74.94 132.59
74.94 138.35
74.94 144.12
74.94 149.88
74.94 155.65
74.94 161.41
74.94 167.18
74.94 172.94
74.94 178.71
74.94 184.47
74.94 190.24
74.94 196
80.71 0
80.71 5.76
80.71 11.53
80.71 17.29
80.71 23.06
80.71 28.82
80.71 34.59
80.71 40.35
80.71 46.12
80.71 51.88
80.71 57.65
80.71 63.41
80.71 69.18
80.71 74.94
80.71 80.71
80.71 86.47
80.71 92.24
80.71 98
80.71 103.76
80.71 109.53
80.71 115.29
80.71 121.06
80.71 126.82
80.71 132.59
80.71 138.35
80.71 144.12
80.71 149.88
80.71 155.65
80.71 161.41
80.71 167.18
80.71 172.94
80.71 178.71
80.71 184.47
80.71 190.24
80.71 196
86.47 0
86.47 5.76
86.47 11.53
86.47 17.29
86.47 23.06
86.47 28.82
86.47 34.59
86.47 40.35
86.47 46.12
86.47 51.88
86.47 57.65
86.47 63.41
86.47 69.18
86.47 74.94
86.47 80.71
86.47 86.47
86.47 92.24
86.47 98
86.47 103.76
86.47 109.53
86.47 115.29
86.47 121.06
86.47 126.82
86.47 132.59
86.47 138.35
86.47 144.12
86.47 149.88
86.47 155.65
86.47 161.41
86.47 167.18
86.47 172.94
86.47 178.71
86.47 184.47
86.47 190.24
86.47 196
92.24 0
92.24 5.76
92.24 11.53
92.24 17.29
92.24 23.06
92.24 28.82
92.24 34.59
92.24 40.35
92.24 46.12
92.24 51.88
92.24 57.65
92.24 63.41
92.24 69.18
92.24 74.94
92.24 80.71
92.24 86.47
92.24 92.24
92.24 98
92.24 103.76
92.24 109.53
92.24 115.29
92.24 121.06
92.24 126.82
92.24 132.59
92.24 138.35
92.24 144.12
92.24 149.88
92.24 155.65
92.24 161.41
92.24 167.18
92.24 172.94
92.24 178.71
92.24 184.47
92.24 190.24
92.24 196
98 0
98 5.76
98 11.53
98 17.29
98 23.06
98 28.82
98 34.59
98 40.35
98 46.12
98 51.88
98 57.65
98 63.41
98 69.18
98 74.94
98 80.71
98 86.47
98 92.24
98 98
98 103.76
98 109.53
98 115.29
98 121.06
98 126.82
98 132.59
98 138.35
98 144.12
98 149.88
98 155.65
98 161.41
98 167.18
98 172.94
98 178.71
98 184.47
98 190.24
98 196
103.76 0
103.76 5.76
103.76 11.53
103.76 17.29
103.76 23.06
103.76 28.82
103.76 34.59
103.76 40.35
103.76 46.12
103.76 51.88
103.76 57.65
103.76 63.41
103.76 69.18
103.76 74.94
103.76 80.71
103.76 86.47
103.76 92.24
103.76 98
103.76 103.76
103.76 109.53
103.76 115.29
103.76 121.06
103.76 126.82
103.76 132.59
103.76 138.35
103.76 144.12
103.76 149.88
103.76 155.65
103.76 161.41
103.76 167.18
103.76 172.94
103.76 178.71
103.76 184.47
103.76 190.24
103.76 196
109.53 0
109.53 5.76
109.53 11.53
109.53 17.29
109.53 23.06
109.53 28.82
109.53 34.59
109.53 40.35
109.53 46.12
109.53 51.88
109.53 57.65
109.53 63.41
109.53 69.18
109.53 74.94
109.53 80.71
109.53 86.47
109.53 92.24
109.53 98
109.53 103.76
109.53 109.53
109.53 115.29
109.53 121.06
109.53 126.82
109.53 132.59
109.53 138.35
109.53 144.12
109.53 149.88
109.53 155.65
109.53 161.41
109.53 167.18
109.53 172.94
109.53 178.71
109.53 184.47
109.53 190.24
109.53 196
115.29 0
115.29 5.76
115.29 11.53
115.29 17.29
115.29 23.06
115.29 28.82
115.29 34.59
115.29 40.35
115.29 46.12
115.29 51.88
115.29 57.65
115.29 63.41
115.29 69.18
115.29 74.94
115.29 80.71
115.29 86.47
115.29 92.24
115.29 98
115.29 103.76
115.29 109.53
115.29 115.29
115.29 121.06
115.29 126.82
115.29 132.59
115.29 138.35
115.29 144.12
115.29 149.88
115.29 155.65
115.29 161.41
115.29 167.18
115.29 172.94
115.29 178.71
115.29 184.47
115.29 190.24
115.29 196
121.06 0
121.06 5.76
121.06 11.53
121.06 17.29
121.06 23.06
121.06 28.82
121.06 34.59
121.06 40.35
121.06 46.12
121.06 51.88
121.06 57.65
121.06 63.41
121.06 69.18
121.06 74.94
121.06 80.71
121.06 86.47
121.06 92.24
121.06 98
121.06 103.76
121.06 109.53
121.06 115.29
121.06 121.06
121.06 126.82
121.06 132.59
121.06 138.35
121.06 144.12
121.06 149.88
121.06 155.65
121.06 161.41
121.06 167.18
121.06 172.94
121.06 178.71
121.06 184.47
121.06 190.24
121.06 196
126.82 0
126.82 5.76
126.82 11.53
126.82 17.29
126.82 23.06
126.82 28.82
126.82 34.59
126.82 40.35
126.82 46.12
126.82 51.88
126.82 57.65
126.82 63.41
126.82 69.18
126.82 74.94
126.82 80.71
126.82 86.47
126.82 92.24
126.82 98
126.82 103.76
126.82 109.53
126.82 115.29
126.82 121.06
126.82 126.82
126.82 132.59
126.82 138.35
126.82 144.12
126.82 149.88
126.82 155.65
126.82 161.41
126.82 167.18
126.82 172.94
126.82 178.71
126.82 184.47
126.82 190.24
126.82 196
132.59 0
132.59 5.76
132.59 11.53
132.59 17.29
132.59 23.06
132.59 28.82
132.59 34.59
132.59 40.35
132.59 46.12
132.59 51.88
132.59 57.65
132.59 63.41
132.59 69.18
132.59 74.94
132.59 80.71
132.59 86.47
132.59 92.24
132.59 98
132.59 103.76
132.59 109.53
132.59 115.29
132.59 121.06
132.59 126.82
132.59 132.59
132.59 138.35
132.59 144.12
132.59 149.88
132.59 155.65
132.59 161.41
132.59 167.18
132.59 172.94
132.59 178.71
132.59 184.47
132.59 190.24
132.59 196
138.35 0
138.35 5.76
138.35 11.53
138.35 17.29
138.35 23.06
138.35 28.82
138.35 34.59
138.35 40.35
138.35 46.12
138.35 51.88
138.35 57.65
138.35 63.41
138.35 69.18
138.35 74.94
138.35 80.71
138.35 86.47
138.35 92.24
138.35 98
138.35 103.76
138.35 109.53
138.35 115.29
138.35 121.06
138.35 126.82
138.35 132.59
138.35 138.35
138.35 144.12
138.35 149.88
138.35 155.65
138.35 161.41
138.35 167.18
138.35 172.94
138.35 178.71
138.35 184.47
138.35 190.24
138.35 196
144.12 0
144.12 5.76
144.12 11.53
144.12 17.29
144.12 23.06
144.12 28.82
144.12 34.59
144.12 40.35
144.12 46.12
144.12 51.88
144.12 57.65
144.12 63.41
144.12 69.18
144.12 74.94
144.12 80.71
144.12 86.47
144.12 92.24
144.12 98
144.12 103.76
144.12 109.53
144.12 115.29
144.12 121.06
144.12 126.82
144.12 132.59
144.12 138.35
144.12 144.12
144.12 149.88
144.12 155.65
144.12 161.41
144.12 167.18
144.12 172.94
144.12 178.71
144.12 184.47
144.12 190.24
144.12 196
149.88 0
149.88 5.76
149.88 11.53
149.88 17.29
149.88 23.06
149.88 28.82
149.88 34.59
149.88 40.35
149.88 46.12
149.88 51.88
149.88 57.65
149.88 63.41
149.88 69.18
149.88 74.94
149.88 80.71
149.88 86.47
149.88 92.24
149.88 98
149.88 103.76
149.88 109.53
149.88 115.29
149.88 121.06
149.88 126.82
149.88 132.59
149.88 138.35
149.88 144.12
149.88 149.88
149.88 155.65
149.88 161.41
149.88 167.18
149.88 172.94
149.88 178.71
149.88 184.47
149.88 190.24
149.88 196
155.65 0
155.65 5.76
155.65 11.53
155.65 17.29
155.65 23.06
155.65 28.82
155.65 34.59
155.65 40.35
155.65 46.12
155.65 51.88
155.65 57.65
155.65 63.41
155.65 69.18
155.65 74.94
155.65 80.71
155.65 86.47
155.65 92.24
155.65 98
155.65 103.76
155.65 109.53
155.65 115.29
155.65 121.06
155.65 126.82
155.65 132.59
155.65 138.35
155.65 144.12
155.65 149.88
155.65 155.65
155.65 161.41
155.65 167.18
155.65 172.94
155.65 178.71
155.65 184.47
155.65 190.24
155.65 196
161.41 0
161.41 5.76
161.41 11.53
161.41 17.29
161.41 23.06
161.41 28.82
161.41 34.59
161.41 40.35
161.41 46.12
161.41 51.88
161.41 57.65
161.41 63.41
161.41 69.18
161.41 74.94
161.41 80.71
161.41 86.47
161.41 92.24
161.41 98
161.41 103.76
161.41 109.53
161.41 115.29
161.41 121.06
161.41 126.82
161.41 132.59
161.41 138.35
161.41 144.12
161.41 149.88
161.41 155.65
161.41 161.41
161.41 167.18
161.41 172.94
161.41 178.71
161.41 184.47
161.41 190.24
161.41 196
167.18 0
167.18 5.76
167.18 11.53
167.18 17.29
167.18 23.06
167.18 28.82
167.18 34.59
167.18 40.35
167.18 46.12
167.18 51.88
167.18 57.65
167.18 63.41
167.18 69.18
167.18 74.94
167.18 80.71
167.18 86.47
167.18 92.24
167.18 98
167.18 103.76
167.18 109.53
167.18 115.29
167.18 121.06
167.18 126.82
167.18 132.59
167.18 138.35
167.18 144.12
167.18 149.88
167.18 155.65
167.18 161.41
167.18 167.18
167.18 172.94
167.18 178.71
167.18 184.47
167.18 190.24
167.18 196
172.94 0
172.94 5.76
172.94 11.53
172.94 17.29
172.94 23.06
172.94 28.82
172.94 34.59
172.94 40.35
172.94 46.12
172.94 51.88
172.94 57.65
172.94 63.41
172.94 69.18
172.94 74.94
172.94 80.71
172.94 86.47
172.94 92.24
172.94 98
172.94 103.76
172.94 109.53
172.94 115.29
172.94 121.06
172.94 126.82
172.94 132.59
172.94 138.35
172.94 144.12
172.94 149.88
172.94 155.65
172.94 161.41
172.94 167.18
172.94 172.94
172.94 178.71
172.94 184.47
172.94 190.24
172.94 196
178.71 0
178.71 5.76
178.71 11.53
178.71 17.29
178.71 23.06
178.71 28.82
178.71 34.59
178.71 40.35
178.71 46.12
178.71 51.88
178.71 57.65
178.71 63.41
178.71 69.18
178.71 74.94
178.71 80.71
178.71 86.47
178.71 92.24
178.71 98
178.71 103.76
178.71 109.53
178.71 115.29
178.71 121.06
178.71 126.82
178.71 132.59
178.71 138.35
178.71 144.12
178.71 149.88
178.71 155.65
178.71 161.41
178.71 167.18
178.71 172.94
178.71 178.71
178.71 184.47
178.71 190.24
178.71 196
184.47 0
184.47 5.76
184.47 11.53
184.47 17.29
184.47 23.06
184.47 28.82
184.47 34.59
184.47 40.35
184.47 46.12
184.47 51.88
184.47 57.65
184.47 63.41
184.47 69.18
184.47 74.94
184.47 80.71
184.47 86.47
184.47 92.24
184.47 98
184.47 103.76
184.47 109.53
184.47 115.29
184.47 121.06
184.47 126.82
184.47 132.59
184.47 138.35
184.47 144.12
184.47 149.88
184.47 155.65
184.47 161.41
184.47 167.18
184.47 172.94
184.47 178.71
184.47 184.47
184.47 190.24
184.47 196
190.24 0
190.24 5.76
190.24 11.53
190.24 17.29
190.24 23.06
190.24 28.82
190.24 34.59
190.24 40.35
190.24 46.12
190.24 51.88
190.24 57.65
190.24 63.41
190.24 69.18
190.24 74.94
190.24 80.71
190.24 86.47
190.24 92.24
190.24 98
190.24 103.76
190.24 109.53
190.24 115.29
190.24 121.06
190.24 126.82
190.24 132.59
190.24 138.35
190.24 144.12
190.24 149.88
190.24 155.65
190.24 161.41
190.24 167.18
190.24 172.94
190.24 178.71
190.24 184.47
190.24 190.24
190.24 196
196 0
196 5.76
196 11.53
196 17.29
196 23.06
196 28.82
196 34.59
196 40.35
196 46.12
196 51.88
196 57.65
196 63.41
196 69.18
196 74.94
196 80.71
196 86.47
196 92.24
196 98
196 103.76
196 109.53
196 115.29
196 121.06
196 126.82
196 132.59
196 138.35
196 144.12
196 149.88
196 155.65
196 161.41
196 167.18
196 172.94
196 178.71
196 184.47
196 190.24
196 196

/

crown	radius	in	the	x-direction.
&indivradx
nodates = 1
values = 13
13
13
13
13
13
13
13
13
13
13
13
13
13
13
13
13
13
13
13
13
13
13
13
13
13
13
13
13
13
13
13
13
13
13
13
13
13
13
13
13
13
13
13
13
13
13
13
13
13
13
13
13
13
13
13
13
13
13
13
13
13
13
13
13
13
13
13
13
13
13
13
2.5439045
2.5439045
2.5439045
2.5439045
2.5439045
2.5439045
2.5439045
2.5439045
2.5439045
2.5439045
2.5439045
2.5439045
2.5439045
2.5439045
2.5439045
2.5439045
2.5439045
2.5439045
2.5439045
2.5439045
2.5439045
2.5439045
2.5439045
2.5439045
2.5439045
2.5439045
2.5439045
2.5439045
2.5439045
2.5439045
2.5439045
13
13
13
13
2.5439045
2.5439045
2.5439045
2.5439045
2.5439045
2.5439045
2.5439045
2.5439045
2.5439045
2.5439045
2.5439045
2.5439045
2.5439045
2.5439045
2.5439045
2.5439045
2.5439045
2.5439045
2.5439045
2.5439045
2.5439045
2.5439045
2.5439045
2.5439045
2.5439045
2.5439045
2.5439045
2.5439045
2.5439045
2.5439045
2.5439045
13
13
13
13
2.5439045
2.5439045
2.5439045
2.5439045
2.5439045
2.5439045
2.5439045
2.5439045
2.5439045
2.5439045
2.5439045
2.5439045
2.5439045
2.5439045
2.5439045
2.5439045
2.5439045
2.5439045
2.5439045
2.5439045
2.5439045
2.5439045
2.5439045
2.5439045
2.5439045
2.5439045
2.5439045
2.5439045
2.5439045
2.5439045
2.5439045
13
13
13
13
2.5439045
2.5439045
2.5439045
2.5439045
2.5439045
2.5439045
2.5439045
2.5439045
2.5439045
2.5439045
2.5439045
2.5439045
2.5439045
2.5439045
2.5439045
2.5439045
2.5439045
2.5439045
2.5439045
2.5439045
2.5439045
2.5439045
2.5439045
2.5439045
2.5439045
2.5439045
2.5439045
2.5439045
2.5439045
2.5439045
2.5439045
13
13
13
13
2.5439045
2.5439045
2.5439045
2.5439045
2.5439045
2.5439045
2.5439045
2.5439045
2.5439045
2.5439045
2.5439045
2.5439045
2.5439045
2.5439045
2.5439045
2.5439045
2.5439045
2.5439045
2.5439045
2.5439045
2.5439045
2.5439045
2.5439045
2.5439045
2.5439045
2.5439045
2.5439045
2.5439045
2.5439045
2.5439045
2.5439045
13
13
13
13
2.5439045
2.5439045
2.5439045
2.5439045
2.5439045
2.5439045
2.5439045
2.5439045
2.5439045
2.5439045
2.5439045
2.5439045
2.5439045
2.5439045
2.5439045
2.5439045
2.5439045
2.5439045
2.5439045
2.5439045
2.5439045
2.5439045
2.5439045
2.5439045
2.5439045
2.5439045
2.5439045
2.5439045
2.5439045
2.5439045
2.5439045
13
13
13
13
2.5439045
2.5439045
2.5439045
2.5439045
2.5439045
2.5439045
2.5439045
2.5439045
2.5439045
2.5439045
2.5439045
2.5439045
2.5439045
2.5439045
2.5439045
2.5439045
2.5439045
2.5439045
2.5439045
2.5439045
2.5439045
2.5439045
2.5439045
2.5439045
2.5439045
2.5439045
2.5439045
2.5439045
2.5439045
2.5439045
2.5439045
13
13
13
13
2.5439045
2.5439045
2.5439045
2.5439045
2.5439045
2.5439045
2.5439045
2.5439045
2.5439045
2.5439045
2.5439045
2.5439045
2.5439045
2.5439045
2.5439045
2.5439045
2.5439045
2.5439045
2.5439045
2.5439045
2.5439045
2.5439045
2.5439045
2.5439045
2.5439045
2.5439045
2.5439045
2.5439045
2.5439045
2.5439045
2.5439045
13
13
13
13
2.5439045
2.5439045
2.5439045
2.5439045
2.5439045
2.5439045
2.5439045
2.5439045
2.5439045
2.5439045
2.5439045
2.5439045
2.5439045
2.5439045
2.5439045
2.5439045
2.5439045
2.5439045
2.5439045
2.5439045
2.5439045
2.5439045
2.5439045
2.5439045
2.5439045
2.5439045
2.5439045
2.5439045
2.5439045
2.5439045
2.5439045
13
13
13
13
2.5439045
2.5439045
2.5439045
2.5439045
2.5439045
2.5439045
2.5439045
2.5439045
2.5439045
2.5439045
2.5439045
2.5439045
2.5439045
2.5439045
2.5439045
2.5439045
2.5439045
2.5439045
2.5439045
2.5439045
2.5439045
2.5439045
2.5439045
2.5439045
2.5439045
2.5439045
2.5439045
2.5439045
2.5439045
2.5439045
2.5439045
13
13
13
13
2.5439045
2.5439045
2.5439045
2.5439045
2.5439045
2.5439045
2.5439045
2.5439045
2.5439045
2.5439045
2.5439045
2.5439045
2.5439045
2.5439045
2.5439045
2.5439045
2.5439045
2.5439045
2.5439045
2.5439045
2.5439045
2.5439045
2.5439045
2.5439045
2.5439045
2.5439045
2.5439045
2.5439045
2.5439045
2.5439045
2.5439045
13
13
13
13
2.5439045
2.5439045
2.5439045
2.5439045
2.5439045
2.5439045
2.5439045
2.5439045
2.5439045
2.5439045
2.5439045
2.5439045
2.5439045
2.5439045
2.5439045
2.5439045
2.5439045
2.5439045
2.5439045
2.5439045
2.5439045
2.5439045
2.5439045
2.5439045
2.5439045
2.5439045
2.5439045
2.5439045
2.5439045
2.5439045
2.5439045
13
13
13
13
2.5439045
2.5439045
2.5439045
2.5439045
2.5439045
2.5439045
2.5439045
2.5439045
2.5439045
2.5439045
2.5439045
2.5439045
2.5439045
2.5439045
2.5439045
2.5439045
2.5439045
2.5439045
2.5439045
2.5439045
2.5439045
2.5439045
2.5439045
2.5439045
2.5439045
2.5439045
2.5439045
2.5439045
2.5439045
2.5439045
2.5439045
13
13
13
13
2.5439045
2.5439045
2.5439045
2.5439045
2.5439045
2.5439045
2.5439045
2.5439045
2.5439045
2.5439045
2.5439045
2.5439045
2.5439045
2.5439045
2.5439045
2.5439045
2.5439045
2.5439045
2.5439045
2.5439045
2.5439045
2.5439045
2.5439045
2.5439045
2.5439045
2.5439045
2.5439045
2.5439045
2.5439045
2.5439045
2.5439045
13
13
13
13
2.5439045
2.5439045
2.5439045
2.5439045
2.5439045
2.5439045
2.5439045
2.5439045
2.5439045
2.5439045
2.5439045
2.5439045
2.5439045
2.5439045
2.5439045
2.5439045
2.5439045
2.5439045
2.5439045
2.5439045
2.5439045
2.5439045
2.5439045
2.5439045
2.5439045
2.5439045
2.5439045
2.5439045
2.5439045
2.5439045
2.5439045
13
13
13
13
2.5439045
2.5439045
2.5439045
2.5439045
2.5439045
2.5439045
2.5439045
2.5439045
2.5439045
2.5439045
2.5439045
2.5439045
2.5439045
2.5439045
2.5439045
2.5439045
2.5439045
2.5439045
2.5439045
2.5439045
2.5439045
2.5439045
2.5439045
2.5439045
2.5439045
2.5439045
2.5439045
2.5439045
2.5439045
2.5439045
2.5439045
13
13
13
13
2.5439045
2.5439045
2.5439045
2.5439045
2.5439045
2.5439045
2.5439045
2.5439045
2.5439045
2.5439045
2.5439045
2.5439045
2.5439045
2.5439045
2.5439045
2.5439045
2.5439045
2.5439045
2.5439045
2.5439045
2.5439045
2.5439045
2.5439045
2.5439045
2.5439045
2.5439045
2.5439045
2.5439045
2.5439045
2.5439045
2.5439045
13
13
13
13
2.5439045
2.5439045
2.5439045
2.5439045
2.5439045
2.5439045
2.5439045
2.5439045
2.5439045
2.5439045
2.5439045
2.5439045
2.5439045
2.5439045
2.5439045
2.5439045
2.5439045
2.5439045
2.5439045
2.5439045
2.5439045
2.5439045
2.5439045
2.5439045
2.5439045
2.5439045
2.5439045
2.5439045
2.5439045
2.5439045
2.5439045
13
13
13
13
2.5439045
2.5439045
2.5439045
2.5439045
2.5439045
2.5439045
2.5439045
2.5439045
2.5439045
2.5439045
2.5439045
2.5439045
2.5439045
2.5439045
2.5439045
2.5439045
2.5439045
2.5439045
2.5439045
2.5439045
2.5439045
2.5439045
2.5439045
2.5439045
2.5439045
2.5439045
2.5439045
2.5439045
2.5439045
2.5439045
2.5439045
13
13
13
13
2.5439045
2.5439045
2.5439045
2.5439045
2.5439045
2.5439045
2.5439045
2.5439045
2.5439045
2.5439045
2.5439045
2.5439045
2.5439045
2.5439045
2.5439045
2.5439045
2.5439045
2.5439045
2.5439045
2.5439045
2.5439045
2.5439045
2.5439045
2.5439045
2.5439045
2.5439045
2.5439045
2.5439045
2.5439045
2.5439045
2.5439045
13
13
13
13
2.5439045
2.5439045
2.5439045
2.5439045
2.5439045
2.5439045
2.5439045
2.5439045
2.5439045
2.5439045
2.5439045
2.5439045
2.5439045
2.5439045
2.5439045
2.5439045
2.5439045
2.5439045
2.5439045
2.5439045
2.5439045
2.5439045
2.5439045
2.5439045
2.5439045
2.5439045
2.5439045
2.5439045
2.5439045
2.5439045
2.5439045
13
13
13
13
2.5439045
2.5439045
2.5439045
2.5439045
2.5439045
2.5439045
2.5439045
2.5439045
2.5439045
2.5439045
2.5439045
2.5439045
2.5439045
2.5439045
2.5439045
2.5439045
2.5439045
2.5439045
2.5439045
2.5439045
2.5439045
2.5439045
2.5439045
2.5439045
2.5439045
2.5439045
2.5439045
2.5439045
2.5439045
2.5439045
2.5439045
13
13
13
13
2.5439045
2.5439045
2.5439045
2.5439045
2.5439045
2.5439045
2.5439045
2.5439045
2.5439045
2.5439045
2.5439045
2.5439045
2.5439045
2.5439045
2.5439045
2.5439045
2.5439045
2.5439045
2.5439045
2.5439045
2.5439045
2.5439045
2.5439045
2.5439045
2.5439045
2.5439045
2.5439045
2.5439045
2.5439045
2.5439045
2.5439045
13
13
13
13
2.5439045
2.5439045
2.5439045
2.5439045
2.5439045
2.5439045
2.5439045
2.5439045
2.5439045
2.5439045
2.5439045
2.5439045
2.5439045
2.5439045
2.5439045
2.5439045
2.5439045
2.5439045
2.5439045
2.5439045
2.5439045
2.5439045
2.5439045
2.5439045
2.5439045
2.5439045
2.5439045
2.5439045
2.5439045
2.5439045
2.5439045
13
13
13
13
2.5439045
2.5439045
2.5439045
2.5439045
2.5439045
2.5439045
2.5439045
2.5439045
2.5439045
2.5439045
2.5439045
2.5439045
2.5439045
2.5439045
2.5439045
2.5439045
2.5439045
2.5439045
2.5439045
2.5439045
2.5439045
2.5439045
2.5439045
2.5439045
2.5439045
2.5439045
2.5439045
2.5439045
2.5439045
2.5439045
2.5439045
13
13
13
13
2.5439045
2.5439045
2.5439045
2.5439045
2.5439045
2.5439045
2.5439045
2.5439045
2.5439045
2.5439045
2.5439045
2.5439045
2.5439045
2.5439045
2.5439045
2.5439045
2.5439045
2.5439045
2.5439045
2.5439045
2.5439045
2.5439045
2.5439045
2.5439045
2.5439045
2.5439045
2.5439045
2.5439045
2.5439045
2.5439045
2.5439045
13
13
13
13
2.5439045
2.5439045
2.5439045
2.5439045
2.5439045
2.5439045
2.5439045
2.5439045
2.5439045
2.5439045
2.5439045
2.5439045
2.5439045
2.5439045
2.5439045
2.5439045
2.5439045
2.5439045
2.5439045
2.5439045
2.5439045
2.5439045
2.5439045
2.5439045
2.5439045
2.5439045
2.5439045
2.5439045
2.5439045
2.5439045
2.5439045
13
13
13
13
2.5439045
2.5439045
2.5439045
2.5439045
2.5439045
2.5439045
2.5439045
2.5439045
2.5439045
2.5439045
2.5439045
2.5439045
2.5439045
2.5439045
2.5439045
2.5439045
2.5439045
2.5439045
2.5439045
2.5439045
2.5439045
2.5439045
2.5439045
2.5439045
2.5439045
2.5439045
2.5439045
2.5439045
2.5439045
2.5439045
2.5439045
13
13
13
13
2.5439045
2.5439045
2.5439045
2.5439045
2.5439045
2.5439045
2.5439045
2.5439045
2.5439045
2.5439045
2.5439045
2.5439045
2.5439045
2.5439045
2.5439045
2.5439045
2.5439045
2.5439045
2.5439045
2.5439045
2.5439045
2.5439045
2.5439045
2.5439045
2.5439045
2.5439045
2.5439045
2.5439045
2.5439045
2.5439045
2.5439045
13
13
13
13
2.5439045
2.5439045
2.5439045
2.5439045
2.5439045
2.5439045
2.5439045
2.5439045
2.5439045
2.5439045
2.5439045
2.5439045
2.5439045
2.5439045
2.5439045
2.5439045
2.5439045
2.5439045
2.5439045
2.5439045
2.5439045
2.5439045
2.5439045
2.5439045
2.5439045
2.5439045
2.5439045
2.5439045
2.5439045
2.5439045
2.5439045
13
13
13
13
2.5439045
2.5439045
2.5439045
2.5439045
2.5439045
2.5439045
2.5439045
2.5439045
2.5439045
2.5439045
2.5439045
2.5439045
2.5439045
2.5439045
2.5439045
2.5439045
2.5439045
2.5439045
2.5439045
2.5439045
2.5439045
2.5439045
2.5439045
2.5439045
2.5439045
2.5439045
2.5439045
2.5439045
2.5439045
2.5439045
2.5439045
13
13
13
13
13
13
13
13
13
13
13
13
13
13
13
13
13
13
13
13
13
13
13
13
13
13
13
13
13
13
13
13
13
13
13
13
13
13
13
13
13
13
13
13
13
13
13
13
13
13
13
13
13
13
13
13
13
13
13
13
13
13
13
13
13
13
13
13
13
13
13
13

/

crown	radius	in	the	y-direction.
&indivrady
nodates = 1
values = 13
13
13
13
13
13
13
13
13
13
13
13
13
13
13
13
13
13
13
13
13
13
13
13
13
13
13
13
13
13
13
13
13
13
13
13
13
13
13
13
13
13
13
13
13
13
13
13
13
13
13
13
13
13
13
13
13
13
13
13
13
13
13
13
13
13
13
13
13
13
13
13
2.5439045
2.5439045
2.5439045
2.5439045
2.5439045
2.5439045
2.5439045
2.5439045
2.5439045
2.5439045
2.5439045
2.5439045
2.5439045
2.5439045
2.5439045
2.5439045
2.5439045
2.5439045
2.5439045
2.5439045
2.5439045
2.5439045
2.5439045
2.5439045
2.5439045
2.5439045
2.5439045
2.5439045
2.5439045
2.5439045
2.5439045
13
13
13
13
2.5439045
2.5439045
2.5439045
2.5439045
2.5439045
2.5439045
2.5439045
2.5439045
2.5439045
2.5439045
2.5439045
2.5439045
2.5439045
2.5439045
2.5439045
2.5439045
2.5439045
2.5439045
2.5439045
2.5439045
2.5439045
2.5439045
2.5439045
2.5439045
2.5439045
2.5439045
2.5439045
2.5439045
2.5439045
2.5439045
2.5439045
13
13
13
13
2.5439045
2.5439045
2.5439045
2.5439045
2.5439045
2.5439045
2.5439045
2.5439045
2.5439045
2.5439045
2.5439045
2.5439045
2.5439045
2.5439045
2.5439045
2.5439045
2.5439045
2.5439045
2.5439045
2.5439045
2.5439045
2.5439045
2.5439045
2.5439045
2.5439045
2.5439045
2.5439045
2.5439045
2.5439045
2.5439045
2.5439045
13
13
13
13
2.5439045
2.5439045
2.5439045
2.5439045
2.5439045
2.5439045
2.5439045
2.5439045
2.5439045
2.5439045
2.5439045
2.5439045
2.5439045
2.5439045
2.5439045
2.5439045
2.5439045
2.5439045
2.5439045
2.5439045
2.5439045
2.5439045
2.5439045
2.5439045
2.5439045
2.5439045
2.5439045
2.5439045
2.5439045
2.5439045
2.5439045
13
13
13
13
2.5439045
2.5439045
2.5439045
2.5439045
2.5439045
2.5439045
2.5439045
2.5439045
2.5439045
2.5439045
2.5439045
2.5439045
2.5439045
2.5439045
2.5439045
2.5439045
2.5439045
2.5439045
2.5439045
2.5439045
2.5439045
2.5439045
2.5439045
2.5439045
2.5439045
2.5439045
2.5439045
2.5439045
2.5439045
2.5439045
2.5439045
13
13
13
13
2.5439045
2.5439045
2.5439045
2.5439045
2.5439045
2.5439045
2.5439045
2.5439045
2.5439045
2.5439045
2.5439045
2.5439045
2.5439045
2.5439045
2.5439045
2.5439045
2.5439045
2.5439045
2.5439045
2.5439045
2.5439045
2.5439045
2.5439045
2.5439045
2.5439045
2.5439045
2.5439045
2.5439045
2.5439045
2.5439045
2.5439045
13
13
13
13
2.5439045
2.5439045
2.5439045
2.5439045
2.5439045
2.5439045
2.5439045
2.5439045
2.5439045
2.5439045
2.5439045
2.5439045
2.5439045
2.5439045
2.5439045
2.5439045
2.5439045
2.5439045
2.5439045
2.5439045
2.5439045
2.5439045
2.5439045
2.5439045
2.5439045
2.5439045
2.5439045
2.5439045
2.5439045
2.5439045
2.5439045
13
13
13
13
2.5439045
2.5439045
2.5439045
2.5439045
2.5439045
2.5439045
2.5439045
2.5439045
2.5439045
2.5439045
2.5439045
2.5439045
2.5439045
2.5439045
2.5439045
2.5439045
2.5439045
2.5439045
2.5439045
2.5439045
2.5439045
2.5439045
2.5439045
2.5439045
2.5439045
2.5439045
2.5439045
2.5439045
2.5439045
2.5439045
2.5439045
13
13
13
13
2.5439045
2.5439045
2.5439045
2.5439045
2.5439045
2.5439045
2.5439045
2.5439045
2.5439045
2.5439045
2.5439045
2.5439045
2.5439045
2.5439045
2.5439045
2.5439045
2.5439045
2.5439045
2.5439045
2.5439045
2.5439045
2.5439045
2.5439045
2.5439045
2.5439045
2.5439045
2.5439045
2.5439045
2.5439045
2.5439045
2.5439045
13
13
13
13
2.5439045
2.5439045
2.5439045
2.5439045
2.5439045
2.5439045
2.5439045
2.5439045
2.5439045
2.5439045
2.5439045
2.5439045
2.5439045
2.5439045
2.5439045
2.5439045
2.5439045
2.5439045
2.5439045
2.5439045
2.5439045
2.5439045
2.5439045
2.5439045
2.5439045
2.5439045
2.5439045
2.5439045
2.5439045
2.5439045
2.5439045
13
13
13
13
2.5439045
2.5439045
2.5439045
2.5439045
2.5439045
2.5439045
2.5439045
2.5439045
2.5439045
2.5439045
2.5439045
2.5439045
2.5439045
2.5439045
2.5439045
2.5439045
2.5439045
2.5439045
2.5439045
2.5439045
2.5439045
2.5439045
2.5439045
2.5439045
2.5439045
2.5439045
2.5439045
2.5439045
2.5439045
2.5439045
2.5439045
13
13
13
13
2.5439045
2.5439045
2.5439045
2.5439045
2.5439045
2.5439045
2.5439045
2.5439045
2.5439045
2.5439045
2.5439045
2.5439045
2.5439045
2.5439045
2.5439045
2.5439045
2.5439045
2.5439045
2.5439045
2.5439045
2.5439045
2.5439045
2.5439045
2.5439045
2.5439045
2.5439045
2.5439045
2.5439045
2.5439045
2.5439045
2.5439045
13
13
13
13
2.5439045
2.5439045
2.5439045
2.5439045
2.5439045
2.5439045
2.5439045
2.5439045
2.5439045
2.5439045
2.5439045
2.5439045
2.5439045
2.5439045
2.5439045
2.5439045
2.5439045
2.5439045
2.5439045
2.5439045
2.5439045
2.5439045
2.5439045
2.5439045
2.5439045
2.5439045
2.5439045
2.5439045
2.5439045
2.5439045
2.5439045
13
13
13
13
2.5439045
2.5439045
2.5439045
2.5439045
2.5439045
2.5439045
2.5439045
2.5439045
2.5439045
2.5439045
2.5439045
2.5439045
2.5439045
2.5439045
2.5439045
2.5439045
2.5439045
2.5439045
2.5439045
2.5439045
2.5439045
2.5439045
2.5439045
2.5439045
2.5439045
2.5439045
2.5439045
2.5439045
2.5439045
2.5439045
2.5439045
13
13
13
13
2.5439045
2.5439045
2.5439045
2.5439045
2.5439045
2.5439045
2.5439045
2.5439045
2.5439045
2.5439045
2.5439045
2.5439045
2.5439045
2.5439045
2.5439045
2.5439045
2.5439045
2.5439045
2.5439045
2.5439045
2.5439045
2.5439045
2.5439045
2.5439045
2.5439045
2.5439045
2.5439045
2.5439045
2.5439045
2.5439045
2.5439045
13
13
13
13
2.5439045
2.5439045
2.5439045
2.5439045
2.5439045
2.5439045
2.5439045
2.5439045
2.5439045
2.5439045
2.5439045
2.5439045
2.5439045
2.5439045
2.5439045
2.5439045
2.5439045
2.5439045
2.5439045
2.5439045
2.5439045
2.5439045
2.5439045
2.5439045
2.5439045
2.5439045
2.5439045
2.5439045
2.5439045
2.5439045
2.5439045
13
13
13
13
2.5439045
2.5439045
2.5439045
2.5439045
2.5439045
2.5439045
2.5439045
2.5439045
2.5439045
2.5439045
2.5439045
2.5439045
2.5439045
2.5439045
2.5439045
2.5439045
2.5439045
2.5439045
2.5439045
2.5439045
2.5439045
2.5439045
2.5439045
2.5439045
2.5439045
2.5439045
2.5439045
2.5439045
2.5439045
2.5439045
2.5439045
13
13
13
13
2.5439045
2.5439045
2.5439045
2.5439045
2.5439045
2.5439045
2.5439045
2.5439045
2.5439045
2.5439045
2.5439045
2.5439045
2.5439045
2.5439045
2.5439045
2.5439045
2.5439045
2.5439045
2.5439045
2.5439045
2.5439045
2.5439045
2.5439045
2.5439045
2.5439045
2.5439045
2.5439045
2.5439045
2.5439045
2.5439045
2.5439045
13
13
13
13
2.5439045
2.5439045
2.5439045
2.5439045
2.5439045
2.5439045
2.5439045
2.5439045
2.5439045
2.5439045
2.5439045
2.5439045
2.5439045
2.5439045
2.5439045
2.5439045
2.5439045
2.5439045
2.5439045
2.5439045
2.5439045
2.5439045
2.5439045
2.5439045
2.5439045
2.5439045
2.5439045
2.5439045
2.5439045
2.5439045
2.5439045
13
13
13
13
2.5439045
2.5439045
2.5439045
2.5439045
2.5439045
2.5439045
2.5439045
2.5439045
2.5439045
2.5439045
2.5439045
2.5439045
2.5439045
2.5439045
2.5439045
2.5439045
2.5439045
2.5439045
2.5439045
2.5439045
2.5439045
2.5439045
2.5439045
2.5439045
2.5439045
2.5439045
2.5439045
2.5439045
2.5439045
2.5439045
2.5439045
13
13
13
13
2.5439045
2.5439045
2.5439045
2.5439045
2.5439045
2.5439045
2.5439045
2.5439045
2.5439045
2.5439045
2.5439045
2.5439045
2.5439045
2.5439045
2.5439045
2.5439045
2.5439045
2.5439045
2.5439045
2.5439045
2.5439045
2.5439045
2.5439045
2.5439045
2.5439045
2.5439045
2.5439045
2.5439045
2.5439045
2.5439045
2.5439045
13
13
13
13
2.5439045
2.5439045
2.5439045
2.5439045
2.5439045
2.5439045
2.5439045
2.5439045
2.5439045
2.5439045
2.5439045
2.5439045
2.5439045
2.5439045
2.5439045
2.5439045
2.5439045
2.5439045
2.5439045
2.5439045
2.5439045
2.5439045
2.5439045
2.5439045
2.5439045
2.5439045
2.5439045
2.5439045
2.5439045
2.5439045
2.5439045
13
13
13
13
2.5439045
2.5439045
2.5439045
2.5439045
2.5439045
2.5439045
2.5439045
2.5439045
2.5439045
2.5439045
2.5439045
2.5439045
2.5439045
2.5439045
2.5439045
2.5439045
2.5439045
2.5439045
2.5439045
2.5439045
2.5439045
2.5439045
2.5439045
2.5439045
2.5439045
2.5439045
2.5439045
2.5439045
2.5439045
2.5439045
2.5439045
13
13
13
13
2.5439045
2.5439045
2.5439045
2.5439045
2.5439045
2.5439045
2.5439045
2.5439045
2.5439045
2.5439045
2.5439045
2.5439045
2.5439045
2.5439045
2.5439045
2.5439045
2.5439045
2.5439045
2.5439045
2.5439045
2.5439045
2.5439045
2.5439045
2.5439045
2.5439045
2.5439045
2.5439045
2.5439045
2.5439045
2.5439045
2.5439045
13
13
13
13
2.5439045
2.5439045
2.5439045
2.5439045
2.5439045
2.5439045
2.5439045
2.5439045
2.5439045
2.5439045
2.5439045
2.5439045
2.5439045
2.5439045
2.5439045
2.5439045
2.5439045
2.5439045
2.5439045
2.5439045
2.5439045
2.5439045
2.5439045
2.5439045
2.5439045
2.5439045
2.5439045
2.5439045
2.5439045
2.5439045
2.5439045
13
13
13
13
2.5439045
2.5439045
2.5439045
2.5439045
2.5439045
2.5439045
2.5439045
2.5439045
2.5439045
2.5439045
2.5439045
2.5439045
2.5439045
2.5439045
2.5439045
2.5439045
2.5439045
2.5439045
2.5439045
2.5439045
2.5439045
2.5439045
2.5439045
2.5439045
2.5439045
2.5439045
2.5439045
2.5439045
2.5439045
2.5439045
2.5439045
13
13
13
13
2.5439045
2.5439045
2.5439045
2.5439045
2.5439045
2.5439045
2.5439045
2.5439045
2.5439045
2.5439045
2.5439045
2.5439045
2.5439045
2.5439045
2.5439045
2.5439045
2.5439045
2.5439045
2.5439045
2.5439045
2.5439045
2.5439045
2.5439045
2.5439045
2.5439045
2.5439045
2.5439045
2.5439045
2.5439045
2.5439045
2.5439045
13
13
13
13
2.5439045
2.5439045
2.5439045
2.5439045
2.5439045
2.5439045
2.5439045
2.5439045
2.5439045
2.5439045
2.5439045
2.5439045
2.5439045
2.5439045
2.5439045
2.5439045
2.5439045
2.5439045
2.5439045
2.5439045
2.5439045
2.5439045
2.5439045
2.5439045
2.5439045
2.5439045
2.5439045
2.5439045
2.5439045
2.5439045
2.5439045
13
13
13
13
2.5439045
2.5439045
2.5439045
2.5439045
2.5439045
2.5439045
2.5439045
2.5439045
2.5439045
2.5439045
2.5439045
2.5439045
2.5439045
2.5439045
2.5439045
2.5439045
2.5439045
2.5439045
2.5439045
2.5439045
2.5439045
2.5439045
2.5439045
2.5439045
2.5439045
2.5439045
2.5439045
2.5439045
2.5439045
2.5439045
2.5439045
13
13
13
13
2.5439045
2.5439045
2.5439045
2.5439045
2.5439045
2.5439045
2.5439045
2.5439045
2.5439045
2.5439045
2.5439045
2.5439045
2.5439045
2.5439045
2.5439045
2.5439045
2.5439045
2.5439045
2.5439045
2.5439045
2.5439045
2.5439045
2.5439045
2.5439045
2.5439045
2.5439045
2.5439045
2.5439045
2.5439045
2.5439045
2.5439045
13
13
13
13
2.5439045
2.5439045
2.5439045
2.5439045
2.5439045
2.5439045
2.5439045
2.5439045
2.5439045
2.5439045
2.5439045
2.5439045
2.5439045
2.5439045
2.5439045
2.5439045
2.5439045
2.5439045
2.5439045
2.5439045
2.5439045
2.5439045
2.5439045
2.5439045
2.5439045
2.5439045
2.5439045
2.5439045
2.5439045
2.5439045
2.5439045
13
13
13
13
13
13
13
13
13
13
13
13
13
13
13
13
13
13
13
13
13
13
13
13
13
13
13
13
13
13
13
13
13
13
13
13
13
13
13
13
13
13
13
13
13
13
13
13
13
13
13
13
13
13
13
13
13
13
13
13
13
13
13
13
13
13
13
13
13
13
13
13

/

crown	height	for	each	tree.
&indivhtcrown
nodates = 1
values = 21.359762
21.359762
21.359762
21.359762
21.359762
21.359762
21.359762
21.359762
21.359762
21.359762
21.359762
21.359762
21.359762
21.359762
21.359762
21.359762
21.359762
21.359762
21.359762
21.359762
21.359762
21.359762
21.359762
21.359762
21.359762
21.359762
21.359762
21.359762
21.359762
21.359762
21.359762
21.359762
21.359762
21.359762
21.359762
21.359762
21.359762
21.359762
21.359762
21.359762
21.359762
21.359762
21.359762
21.359762
21.359762
21.359762
21.359762
21.359762
21.359762
21.359762
21.359762
21.359762
21.359762
21.359762
21.359762
21.359762
21.359762
21.359762
21.359762
21.359762
21.359762
21.359762
21.359762
21.359762
21.359762
21.359762
21.359762
21.359762
21.359762
21.359762
21.359762
21.359762
6.359762
6.359762
6.359762
6.359762
6.359762
6.359762
6.359762
6.359762
6.359762
6.359762
6.359762
6.359762
6.359762
6.359762
6.359762
6.359762
6.359762
6.359762
6.359762
6.359762
6.359762
6.359762
6.359762
6.359762
6.359762
6.359762
6.359762
6.359762
6.359762
6.359762
6.359762
21.359762
21.359762
21.359762
21.359762
6.359762
6.359762
6.359762
6.359762
6.359762
6.359762
6.359762
6.359762
6.359762
6.359762
6.359762
6.359762
6.359762
6.359762
6.359762
6.359762
6.359762
6.359762
6.359762
6.359762
6.359762
6.359762
6.359762
6.359762
6.359762
6.359762
6.359762
6.359762
6.359762
6.359762
6.359762
21.359762
21.359762
21.359762
21.359762
6.359762
6.359762
6.359762
6.359762
6.359762
6.359762
6.359762
6.359762
6.359762
6.359762
6.359762
6.359762
6.359762
6.359762
6.359762
6.359762
6.359762
6.359762
6.359762
6.359762
6.359762
6.359762
6.359762
6.359762
6.359762
6.359762
6.359762
6.359762
6.359762
6.359762
6.359762
21.359762
21.359762
21.359762
21.359762
6.359762
6.359762
6.359762
6.359762
6.359762
6.359762
6.359762
6.359762
6.359762
6.359762
6.359762
6.359762
6.359762
6.359762
6.359762
6.359762
6.359762
6.359762
6.359762
6.359762
6.359762
6.359762
6.359762
6.359762
6.359762
6.359762
6.359762
6.359762
6.359762
6.359762
6.359762
21.359762
21.359762
21.359762
21.359762
6.359762
6.359762
6.359762
6.359762
6.359762
6.359762
6.359762
6.359762
6.359762
6.359762
6.359762
6.359762
6.359762
6.359762
6.359762
6.359762
6.359762
6.359762
6.359762
6.359762
6.359762
6.359762
6.359762
6.359762
6.359762
6.359762
6.359762
6.359762
6.359762
6.359762
6.359762
21.359762
21.359762
21.359762
21.359762
6.359762
6.359762
6.359762
6.359762
6.359762
6.359762
6.359762
6.359762
6.359762
6.359762
6.359762
6.359762
6.359762
6.359762
6.359762
6.359762
6.359762
6.359762
6.359762
6.359762
6.359762
6.359762
6.359762
6.359762
6.359762
6.359762
6.359762
6.359762
6.359762
6.359762
6.359762
21.359762
21.359762
21.359762
21.359762
6.359762
6.359762
6.359762
6.359762
6.359762
6.359762
6.359762
6.359762
6.359762
6.359762
6.359762
6.359762
6.359762
6.359762
6.359762
6.359762
6.359762
6.359762
6.359762
6.359762
6.359762
6.359762
6.359762
6.359762
6.359762
6.359762
6.359762
6.359762
6.359762
6.359762
6.359762
21.359762
21.359762
21.359762
21.359762
6.359762
6.359762
6.359762
6.359762
6.359762
6.359762
6.359762
6.359762
6.359762
6.359762
6.359762
6.359762
6.359762
6.359762
6.359762
6.359762
6.359762
6.359762
6.359762
6.359762
6.359762
6.359762
6.359762
6.359762
6.359762
6.359762
6.359762
6.359762
6.359762
6.359762
6.359762
21.359762
21.359762
21.359762
21.359762
6.359762
6.359762
6.359762
6.359762
6.359762
6.359762
6.359762
6.359762
6.359762
6.359762
6.359762
6.359762
6.359762
6.359762
6.359762
6.359762
6.359762
6.359762
6.359762
6.359762
6.359762
6.359762
6.359762
6.359762
6.359762
6.359762
6.359762
6.359762
6.359762
6.359762
6.359762
21.359762
21.359762
21.359762
21.359762
6.359762
6.359762
6.359762
6.359762
6.359762
6.359762
6.359762
6.359762
6.359762
6.359762
6.359762
6.359762
6.359762
6.359762
6.359762
6.359762
6.359762
6.359762
6.359762
6.359762
6.359762
6.359762
6.359762
6.359762
6.359762
6.359762
6.359762
6.359762
6.359762
6.359762
6.359762
21.359762
21.359762
21.359762
21.359762
6.359762
6.359762
6.359762
6.359762
6.359762
6.359762
6.359762
6.359762
6.359762
6.359762
6.359762
6.359762
6.359762
6.359762
6.359762
6.359762
6.359762
6.359762
6.359762
6.359762
6.359762
6.359762
6.359762
6.359762
6.359762
6.359762
6.359762
6.359762
6.359762
6.359762
6.359762
21.359762
21.359762
21.359762
21.359762
6.359762
6.359762
6.359762
6.359762
6.359762
6.359762
6.359762
6.359762
6.359762
6.359762
6.359762
6.359762
6.359762
6.359762
6.359762
6.359762
6.359762
6.359762
6.359762
6.359762
6.359762
6.359762
6.359762
6.359762
6.359762
6.359762
6.359762
6.359762
6.359762
6.359762
6.359762
21.359762
21.359762
21.359762
21.359762
6.359762
6.359762
6.359762
6.359762
6.359762
6.359762
6.359762
6.359762
6.359762
6.359762
6.359762
6.359762
6.359762
6.359762
6.359762
6.359762
6.359762
6.359762
6.359762
6.359762
6.359762
6.359762
6.359762
6.359762
6.359762
6.359762
6.359762
6.359762
6.359762
6.359762
6.359762
21.359762
21.359762
21.359762
21.359762
6.359762
6.359762
6.359762
6.359762
6.359762
6.359762
6.359762
6.359762
6.359762
6.359762
6.359762
6.359762
6.359762
6.359762
6.359762
6.359762
6.359762
6.359762
6.359762
6.359762
6.359762
6.359762
6.359762
6.359762
6.359762
6.359762
6.359762
6.359762
6.359762
6.359762
6.359762
21.359762
21.359762
21.359762
21.359762
6.359762
6.359762
6.359762
6.359762
6.359762
6.359762
6.359762
6.359762
6.359762
6.359762
6.359762
6.359762
6.359762
6.359762
6.359762
6.359762
6.359762
6.359762
6.359762
6.359762
6.359762
6.359762
6.359762
6.359762
6.359762
6.359762
6.359762
6.359762
6.359762
6.359762
6.359762
21.359762
21.359762
21.359762
21.359762
6.359762
6.359762
6.359762
6.359762
6.359762
6.359762
6.359762
6.359762
6.359762
6.359762
6.359762
6.359762
6.359762
6.359762
6.359762
6.359762
6.359762
6.359762
6.359762
6.359762
6.359762
6.359762
6.359762
6.359762
6.359762
6.359762
6.359762
6.359762
6.359762
6.359762
6.359762
21.359762
21.359762
21.359762
21.359762
6.359762
6.359762
6.359762
6.359762
6.359762
6.359762
6.359762
6.359762
6.359762
6.359762
6.359762
6.359762
6.359762
6.359762
6.359762
6.359762
6.359762
6.359762
6.359762
6.359762
6.359762
6.359762
6.359762
6.359762
6.359762
6.359762
6.359762
6.359762
6.359762
6.359762
6.359762
21.359762
21.359762
21.359762
21.359762
6.359762
6.359762
6.359762
6.359762
6.359762
6.359762
6.359762
6.359762
6.359762
6.359762
6.359762
6.359762
6.359762
6.359762
6.359762
6.359762
6.359762
6.359762
6.359762
6.359762
6.359762
6.359762
6.359762
6.359762
6.359762
6.359762
6.359762
6.359762
6.359762
6.359762
6.359762
21.359762
21.359762
21.359762
21.359762
6.359762
6.359762
6.359762
6.359762
6.359762
6.359762
6.359762
6.359762
6.359762
6.359762
6.359762
6.359762
6.359762
6.359762
6.359762
6.359762
6.359762
6.359762
6.359762
6.359762
6.359762
6.359762
6.359762
6.359762
6.359762
6.359762
6.359762
6.359762
6.359762
6.359762
6.359762
21.359762
21.359762
21.359762
21.359762
6.359762
6.359762
6.359762
6.359762
6.359762
6.359762
6.359762
6.359762
6.359762
6.359762
6.359762
6.359762
6.359762
6.359762
6.359762
6.359762
6.359762
6.359762
6.359762
6.359762
6.359762
6.359762
6.359762
6.359762
6.359762
6.359762
6.359762
6.359762
6.359762
6.359762
6.359762
21.359762
21.359762
21.359762
21.359762
6.359762
6.359762
6.359762
6.359762
6.359762
6.359762
6.359762
6.359762
6.359762
6.359762
6.359762
6.359762
6.359762
6.359762
6.359762
6.359762
6.359762
6.359762
6.359762
6.359762
6.359762
6.359762
6.359762
6.359762
6.359762
6.359762
6.359762
6.359762
6.359762
6.359762
6.359762
21.359762
21.359762
21.359762
21.359762
6.359762
6.359762
6.359762
6.359762
6.359762
6.359762
6.359762
6.359762
6.359762
6.359762
6.359762
6.359762
6.359762
6.359762
6.359762
6.359762
6.359762
6.359762
6.359762
6.359762
6.359762
6.359762
6.359762
6.359762
6.359762
6.359762
6.359762
6.359762
6.359762
6.359762
6.359762
21.359762
21.359762
21.359762
21.359762
6.359762
6.359762
6.359762
6.359762
6.359762
6.359762
6.359762
6.359762
6.359762
6.359762
6.359762
6.359762
6.359762
6.359762
6.359762
6.359762
6.359762
6.359762
6.359762
6.359762
6.359762
6.359762
6.359762
6.359762
6.359762
6.359762
6.359762
6.359762
6.359762
6.359762
6.359762
21.359762
21.359762
21.359762
21.359762
6.359762
6.359762
6.359762
6.359762
6.359762
6.359762
6.359762
6.359762
6.359762
6.359762
6.359762
6.359762
6.359762
6.359762
6.359762
6.359762
6.359762
6.359762
6.359762
6.359762
6.359762
6.359762
6.359762
6.359762
6.359762
6.359762
6.359762
6.359762
6.359762
6.359762
6.359762
21.359762
21.359762
21.359762
21.359762
6.359762
6.359762
6.359762
6.359762
6.359762
6.359762
6.359762
6.359762
6.359762
6.359762
6.359762
6.359762
6.359762
6.359762
6.359762
6.359762
6.359762
6.359762
6.359762
6.359762
6.359762
6.359762
6.359762
6.359762
6.359762
6.359762
6.359762
6.359762
6.359762
6.359762
6.359762
21.359762
21.359762
21.359762
21.359762
6.359762
6.359762
6.359762
6.359762
6.359762
6.359762
6.359762
6.359762
6.359762
6.359762
6.359762
6.359762
6.359762
6.359762
6.359762
6.359762
6.359762
6.359762
6.359762
6.359762
6.359762
6.359762
6.359762
6.359762
6.359762
6.359762
6.359762
6.359762
6.359762
6.359762
6.359762
21.359762
21.359762
21.359762
21.359762
6.359762
6.359762
6.359762
6.359762
6.359762
6.359762
6.359762
6.359762
6.359762
6.359762
6.359762
6.359762
6.359762
6.359762
6.359762
6.359762
6.359762
6.359762
6.359762
6.359762
6.359762
6.359762
6.359762
6.359762
6.359762
6.359762
6.359762
6.359762
6.359762
6.359762
6.359762
21.359762
21.359762
21.359762
21.359762
6.359762
6.359762
6.359762
6.359762
6.359762
6.359762
6.359762
6.359762
6.359762
6.359762
6.359762
6.359762
6.359762
6.359762
6.359762
6.359762
6.359762
6.359762
6.359762
6.359762
6.359762
6.359762
6.359762
6.359762
6.359762
6.359762
6.359762
6.359762
6.359762
6.359762
6.359762
21.359762
21.359762
21.359762
21.359762
6.359762
6.359762
6.359762
6.359762
6.359762
6.359762
6.359762
6.359762
6.359762
6.359762
6.359762
6.359762
6.359762
6.359762
6.359762
6.359762
6.359762
6.359762
6.359762
6.359762
6.359762
6.359762
6.359762
6.359762
6.359762
6.359762
6.359762
6.359762
6.359762
6.359762
6.359762
21.359762
21.359762
21.359762
21.359762
6.359762
6.359762
6.359762
6.359762
6.359762
6.359762
6.359762
6.359762
6.359762
6.359762
6.359762
6.359762
6.359762
6.359762
6.359762
6.359762
6.359762
6.359762
6.359762
6.359762
6.359762
6.359762
6.359762
6.359762
6.359762
6.359762
6.359762
6.359762
6.359762
6.359762
6.359762
21.359762
21.359762
21.359762
21.359762
6.359762
6.359762
6.359762
6.359762
6.359762
6.359762
6.359762
6.359762
6.359762
6.359762
6.359762
6.359762
6.359762
6.359762
6.359762
6.359762
6.359762
6.359762
6.359762
6.359762
6.359762
6.359762
6.359762
6.359762
6.359762
6.359762
6.359762
6.359762
6.359762
6.359762
6.359762
21.359762
21.359762
21.359762
21.359762
21.359762
21.359762
21.359762
21.359762
21.359762
21.359762
21.359762
21.359762
21.359762
21.359762
21.359762
21.359762
21.359762
21.359762
21.359762
21.359762
21.359762
21.359762
21.359762
21.359762
21.359762
21.359762
21.359762
21.359762
21.359762
21.359762
21.359762
21.359762
21.359762
21.359762
21.359762
21.359762
21.359762
21.359762
21.359762
21.359762
21.359762
21.359762
21.359762
21.359762
21.359762
21.359762
21.359762
21.359762
21.359762
21.359762
21.359762
21.359762
21.359762
21.359762
21.359762
21.359762
21.359762
21.359762
21.359762
21.359762
21.359762
21.359762
21.359762
21.359762
21.359762
21.359762
21.359762
21.359762
21.359762
21.359762
21.359762
21.359762

/

stem	diameter	for	each	tree
&indivdiam
nodates = 1
values = 0.3 0.3 0.3 0.3 0.3 0.3 0.3 0.3 0.3 0.3 0.3 0.3 0.3 0.3 0.3 0.3 0.3 0.3 0.3 0.3 0.3 0.3 0.3 0.3 0.3 0.3 0.3 0.3 0.3 0.3 0.3 0.3 0.3 0.3 0.3 0.3 0.3 0.3 0.3 0.3 0.3 0.3 0.3 0.3 0.3 0.3 0.3 0.3 0.3 0.3 0.3 0.3 0.3 0.3 0.3 0.3 0.3 0.3 0.3 0.3 0.3 0.3 0.3 0.3 0.3 0.3 0.3 0.3 0.3 0.3 0.3 0.3 0.3 0.3 0.3 0.3 0.3 0.3 0.3 0.3 0.3 0.3 0.3 0.3 0.3 0.3 0.3 0.3 0.3 0.3 0.3 0.3 0.3 0.3 0.3 0.3 0.3 0.3 0.3 0.3 0.3 0.3 0.3 0.3 0.3 0.3 0.3 0.3 0.3 0.3 0.3 0.3 0.3 0.3 0.3 0.3 0.3 0.3 0.3 0.3 0.3 0.3 0.3 0.3 0.3 0.3 0.3 0.3 0.3 0.3 0.3 0.3 0.3 0.3 0.3 0.3 0.3 0.3 0.3 0.3 0.3 0.3 0.3 0.3 0.3 0.3 0.3 0.3 0.3 0.3 0.3 0.3 0.3 0.3 0.3 0.3 0.3 0.3 0.3 0.3 0.3 0.3 0.3 0.3 0.3 0.3 0.3 0.3 0.3 0.3 0.3 0.3 0.3 0.3 0.3 0.3 0.3 0.3 0.3 0.3 0.3 0.3 0.3 0.3 0.3 0.3 0.3 0.3 0.3 0.3 0.3 0.3 0.3 0.3 0.3 0.3 0.3 0.3 0.3 0.3 0.3 0.3 0.3 0.3 0.3 0.3 0.3 0.3 0.3 0.3 0.3 0.3 0.3 0.3 0.3 0.3 0.3 0.3 0.3 0.3 0.3 0.3 0.3 0.3 0.3 0.3 0.3 0.3 0.3 0.3 0.3 0.3 0.3 0.3 0.3 0.3 0.3 0.3 0.3 0.3 0.3 0.3 0.3 0.3 0.3 0.3 0.3 0.3 0.3 0.3 0.3 0.3 0.3 0.3 0.3 0.3 0.3 0.3 0.3 0.3 0.3 0.3 0.3 0.3 0.3 0.3 0.3 0.3 0.3 0.3 0.3 0.3 0.3 0.3 0.3 0.3 0.3 0.3 0.3 0.3 0.3 0.3 0.3 0.3 0.3 0.3 0.3 0.3 0.3 0.3 0.3 0.3 0.3 0.3 0.3 0.3 0.3 0.3 0.3 0.3 0.3 0.3 0.3 0.3 0.3 0.3 0.3 0.3 0.3 0.3 0.3 0.3 0.3 0.3 0.3 0.3 0.3 0.3 0.3 0.3 0.3 0.3 0.3 0.3 0.3 0.3 0.3 0.3 0.3 0.3 0.3 0.3 0.3 0.3 0.3 0.3 0.3 0.3 0.3 0.3 0.3 0.3 0.3 0.3 0.3 0.3 0.3 0.3 0.3 0.3 0.3 0.3 0.3 0.3 0.3 0.3 0.3 0.3 0.3 0.3 0.3 0.3 0.3 0.3 0.3 0.3 0.3 0.3 0.3 0.3 0.3 0.3 0.3 0.3 0.3 0.3 0.3 0.3 0.3 0.3 0.3 0.3 0.3 0.3 0.3 0.3 0.3 0.3 0.3 0.3 0.3 0.3 0.3 0.3 0.3 0.3 0.3 0.3 0.3 0.3 0.3 0.3 0.3 0.3 0.3 0.3 0.3 0.3 0.3 0.3 0.3 0.3 0.3 0.3 0.3 0.3 0.3 0.3 0.3 0.3 0.3 0.3 0.3 0.3 0.3 0.3 0.3 0.3 0.3 0.3 0.3 0.3 0.3 0.3 0.3 0.3 0.3 0.3 0.3 0.3 0.3 0.3 0.3 0.3 0.3 0.3 0.3 0.3 0.3 0.3 0.3 0.3 0.3 0.3 0.3 0.3 0.3 0.3 0.3 0.3 0.3 0.3 0.3 0.3 0.3 0.3 0.3 0.3 0.3 0.3 0.3 0.3 0.3 0.3 0.3 0.3 0.3 0.3 0.3 0.3 0.3 0.3 0.3 0.3 0.3 0.3 0.3 0.3 0.3 0.3 0.3 0.3 0.3 0.3 0.3 0.3 0.3 0.3 0.3 0.3 0.3 0.3 0.3 0.3 0.3 0.3 0.3 0.3 0.3 0.3 0.3 0.3 0.3 0.3 0.3 0.3 0.3 0.3 0.3 0.3 0.3 0.3 0.3 0.3 0.3 0.3 0.3 0.3 0.3 0.3 0.3 0.3 0.3 0.3 0.3 0.3 0.3 0.3 0.3 0.3 0.3 0.3 0.3 0.3 0.3 0.3 0.3 0.3 0.3 0.3 0.3 0.3 0.3 0.3 0.3 0.3 0.3 0.3 0.3 0.3 0.3 0.3 0.3 0.3 0.3 0.3 0.3 0.3 0.3 0.3 0.3 0.3 0.3 0.3 0.3 0.3 0.3 0.3 0.3 0.3 0.3 0.3 0.3 0.3 0.3 0.3 0.3 0.3 0.3 0.3 0.3 0.3 0.3 0.3 0.3 0.3 0.3 0.3 0.3 0.3 0.3 0.3 0.3 0.3 0.3 0.3 0.3 0.3 0.3 0.3 0.3 0.3 0.3 0.3 0.3 0.3 0.3 0.3 0.3 0.3 0.3 0.3 0.3 0.3 0.3 0.3 0.3 0.3 0.3 0.3 0.3 0.3 0.3 0.3 0.3 0.3 0.3 0.3 0.3 0.3 0.3 0.3 0.3 0.3 0.3 0.3 0.3 0.3 0.3 0.3 0.3 0.3 0.3 0.3 0.3 0.3 0.3 0.3 0.3 0.3 0.3 0.3 0.3 0.3 0.3 0.3 0.3 0.3 0.3 0.3 0.3 0.3 0.3 0.3 0.3 0.3 0.3 0.3 0.3 0.3 0.3 0.3 0.3 0.3 0.3 0.3 0.3 0.3 0.3 0.3 0.3 0.3 0.3 0.3 0.3 0.3 0.3 0.3 0.3 0.3 0.3 0.3 0.3 0.3 0.3 0.3 0.3 0.3 0.3 0.3 0.3 0.3 0.3 0.3 0.3 0.3 0.3 0.3 0.3 0.3 0.3 0.3 0.3 0.3 0.3 0.3 0.3 0.3 0.3 0.3 0.3 0.3 0.3 0.3 0.3 0.3 0.3 0.3 0.3 0.3 0.3 0.3 0.3 0.3 0.3 0.3 0.3 0.3 0.3 0.3 0.3 0.3 0.3 0.3 0.3 0.3 0.3 0.3 0.3 0.3 0.3 0.3 0.3 0.3 0.3 0.3 0.3 0.3 0.3 0.3 0.3 0.3 0.3 0.3 0.3 0.3 0.3 0.3 0.3 0.3 0.3 0.3 0.3 0.3 0.3 0.3 0.3 0.3 0.3 0.3 0.3 0.3 0.3 0.3 0.3 0.3 0.3 0.3 0.3 0.3 0.3 0.3 0.3 0.3 0.3 0.3 0.3 0.3 0.3 0.3 0.3 0.3 0.3 0.3 0.3 0.3 0.3 0.3 0.3 0.3 0.3 0.3 0.3 0.3 0.3 0.3 0.3 0.3 0.3 0.3 0.3 0.3 0.3 0.3 0.3 0.3 0.3 0.3 0.3 0.3 0.3 0.3 0.3 0.3 0.3 0.3 0.3 0.3 0.3 0.3 0.3 0.3 0.3 0.3 0.3 0.3 0.3 0.3 0.3 0.3 0.3 0.3 0.3 0.3 0.3 0.3 0.3 0.3 0.3 0.3 0.3 0.3 0.3 0.3 0.3 0.3 0.3 0.3 0.3 0.3 0.3 0.3 0.3 0.3 0.3 0.3 0.3 0.3 0.3 0.3 0.3 0.3 0.3 0.3 0.3 0.3 0.3 0.3 0.3 0.3 0.3 0.3 0.3 0.3 0.3 0.3 0.3 0.3 0.3 0.3 0.3 0.3 0.3 0.3 0.3 0.3 0.3 0.3 0.3 0.3 0.3 0.3 0.3 0.3 0.3 0.3 0.3 0.3 0.3 0.3 0.3 0.3 0.3 0.3 0.3 0.3 0.3 0.3 0.3 0.3 0.3 0.3 0.3 0.3 0.3 0.3 0.3 0.3 0.3 0.3 0.3 0.3 0.3 0.3 0.3 0.3 0.3 0.3 0.3 0.3 0.3 0.3 0.3 0.3 0.3 0.3 0.3 0.3 0.3 0.3 0.3 0.3 0.3 0.3 0.3 0.3 0.3 0.3 0.3 0.3 0.3 0.3 0.3 0.3 0.3 0.3 0.3 0.3 0.3 0.3 0.3 0.3 0.3 0.3 0.3 0.3 0.3 0.3 0.3 0.3 0.3 0.3 0.3 0.3 0.3 0.3 0.3 0.3 0.3 0.3 0.3 0.3 0.3 0.3 0.3 0.3 0.3 0.3 0.3 0.3 0.3 0.3 0.3 0.3 0.3 0.3 0.3 0.3 0.3 0.3 0.3 0.3 0.3 0.3 0.3 0.3 0.3 0.3 0.3 0.3 0.3 0.3 0.3 0.3 0.3 0.3 0.3 0.3 0.3 0.3 0.3 0.3 0.3 0.3 0.3 0.3 0.3 0.3 0.3 0.3 0.3 0.3 0.3 0.3 0.3 0.3 0.3 0.3 0.3 0.3 0.3 0.3 0.3 0.3 0.3 0.3 0.3 0.3 0.3 0.3 0.3 0.3 0.3 0.3 0.3 0.3 0.3 0.3 0.3 0.3 0.3 0.3 0.3 0.3 0.3 0.3 0.3 0.3 0.3 0.3 0.3 0.3 0.3 0.3 0.3 0.3 0.3 0.3 0.3 0.3 0.3 0.3 0.3 0.3 0.3 0.3 0.3 0.3 0.3 0.3 0.3 0.3 0.3 0.3 0.3 0.3 0.3 0.3 0.3 0.3 0.3 0.3 0.3 0.3 0.3 0.3 0.3 0.3 0.3 0.3 0.3 0.3 0.3 0.3 0.3 0.3 0.3 0.3 0.3 0.3 0.3 0.3 0.3 0.3 0.3 0.3 0.3 0.3 0.3 0.3 0.3 0.3 0.3 0.3 0.3 0.3 0.3 0.3 0.3 0.3 0.3 0.3 0.3 0.3 0.3 0.3 0.3 0.3 0.3 0.3 0.3 0.3 0.3 0.3 0.3 0.3 0.3 0.3 0.3 0.3 0.3 0.3 0.3 0.3 0.3 0.3 0.3 0.3 0.3 0.3 0.3 0.3 0.3 0.3 0.3 0.3 0.3 0.3 0.3 0.3 0.3 0.3 0.3 0.3 0.3 0.3 0.3 0.3 0.3 0.3 0.3 0.3 0.3 0.3 0.3
/

trunk	height
&indivhttrunk
nodates = 1
values = 0.001 0.001 0.001 0.001 0.001 0.001 0.001 0.001 0.001 0.001 0.001 0.001 0.001 0.001 0.001 0.001 0.001 0.001 0.001 0.001 0.001 0.001 0.001 0.001 0.001 0.001 0.001 0.001 0.001 0.001 0.001 0.001 0.001 0.001 0.001 0.001 0.001 0.001 0.001 0.001 0.001 0.001 0.001 0.001 0.001 0.001 0.001 0.001 0.001 0.001 0.001 0.001 0.001 0.001 0.001 0.001 0.001 0.001 0.001 0.001 0.001 0.001 0.001 0.001 0.001 0.001 0.001 0.001 0.001 0.001 0.001 0.001 17.29 11.5 10.3 16.09 13.34 15 15.28 12.79 12.87 14.49 19.42 9.29 17.23 16.25 18.99 13.86 16.39 16 12.97 19.53 19.35 17.63 20.95 17.09 10.21 12.85 10.41 13.22 12.67 15.16 11.58 0.001 0.001 0.001 0.001 18.41 16.44 21.31 12.62 13.27 20.37 12.56 14.22 13.53 13.8 13.95 16.85 14.34 13.1 20.04 14.2 14.33 14.62 17.67 14.72 14.86 12.44 13.78 15.23 12.79 16.99 9.31 16.15 9.24 13.87 13.02 0.001 0.001 0.001 0.001 8.76 13.26 10.82 12.18 22.83 15.07 10.18 8.85 16.69 14.93 13.81 11.51 9.42 10.97 18.75 12.67 9.81 22.01 16.59 14.11 18.97 18.32 12.68 23.27 14.04 9.66 14.46 15.78 23.65 15.4 16.71 0.001 0.001 0.001 0.001 22.78 18.85 19.53 10.38 18.69 15.82 9.5 16.95 14.4 20.49 12.13 13.39 11.53 14.34 16.51 12.26 18.11 10.47 11.07 20.4 11.19 16.54 13.57 16.54 21.33 20.95 13.76 6.43 24.37 17.5 17.03 0.001 0.001 0.001 0.001 13.5 9.86 18.7 20.7 13.84 10.3 17.41 14.83 8.5 15.01 12.64 13.72 10.66 21.76 13.76 8.98 15.74 15.99 11.3 4.17 12.6 17.14 14.78 14.63 17.1 10.55 19.11 14.98 17.65 18.88 15.84 0.001 0.001 0.001 0.001 14.04 14.38 18.83 15.51 16.53 14.74 14.07 17.61 19.3 5.99 17.15 16.41 13.41 18.57 13.54 13.93 18.22 21.45 16.01 13.42 10.54 13.76 11.48 14.03 16.48 11.81 24.93 15.59 19.24 6.42 17.78 0.001 0.001 0.001 0.001 19.97 12.37 12.82 11.25 12.49 18.54 16.63 18.77 13.54 16.41 15.92 9.65 21.67 15.5 17.87 18.58 14.81 13.85 18.35 11.07 22.39 13.56 21.2 20.67 15.31 17.13 11.16 16.21 18.91 15.37 13.3 0.001 0.001 0.001 0.001 14.55 10.15 16.85 19.9 20.61 18.06 7.99 16.81 16.71 13.67 15.64 11.76 17.55 13.77 9.12 13.62 20.12 13.75 17.75 18.55 15.02 13.68 13.01 17.77 11.01 15.92 13.91 6.51 9.72 18.44 14.28 0.001 0.001 0.001 0.001 16.42 14.28 20.92 17.24 10.6 14.42 7.8 14.27 5.28 19.93 12.62 13.39 14.37 17.3 17.54 17.13 12.85 9.89 13.54 16.04 11.91 14.74 10.62 14.97 15.48 14.45 14.39 21.61 17.86 19.17 11.54 0.001 0.001 0.001 0.001 16.29 7.86 11.96 19.97 17.31 19.09 16.15 14.59 11.53 20.97 15.17 12.32 18.24 19.03 22.11 12.74 13.53 13.44 13.59 13.63 13.89 20.41 12.38 13.54 17.45 19.22 12.1 13.09 16.96 18.82 14.06 0.001 0.001 0.001 0.001 14.76 8.4 17.14 21.05 8.86 12.08 12.6 12.45 7.38 16.88 9.26 14.91 17.22 14.26 18.35 14.9 12.57 17.42 13.37 21.65 14.93 18.2 15.77 3.72 9.88 13.41 15.89 6.21 18.61 12.73 12.18 0.001 0.001 0.001 0.001 7.13 11.23 17.01 13.3 23.12 19.67 17.23 15.02 16.05 12.35 17.36 20.55 19.06 11.95 8.93 14.59 16.65 20.07 10.06 16.37 15.88 19.48 14.9 13.66 10.7 13.06 13.64 23.81 24.17 14.37 11.09 0.001 0.001 0.001 0.001 11.68 15.42 29.29 10.84 16.15 10.85 16.3 11.73 15.29 13.89 10.56 15.04 18.72 20.98 9.85 14.06 19.35 10.82 5.52 11.49 11.37 15.18 13.49 15.87 13.42 16.4 13.63 19.46 12.24 16.09 11.68 0.001 0.001 0.001 0.001 19.43 17.56 15.54 10.53 19.38 15.3 13.31 21.16 12.11 16.14 19.81 17.26 13.85 13.43 16.33 16.93 15.07 19.94 14.75 12.37 17.01 6.74 16.47 16.86 14.16 10.81 13.52 20.81 12.21 6.26 18.05 0.001 0.001 0.001 0.001 17.63 12.8 12.72 19.11 14.07 14.4 12.65 18.38 11.27 18.18 18.02 13.25 18.18 18.7 17.16 22.59 7.64 10.63 9.84 15.63 20.94 21.29 16.83 18.3 14.46 16.76 16.41 12.15 13.9 14.49 20.23 0.001 0.001 0.001 0.001 13.36 18.39 12.14 13.72 20.63 16.98 17.03 14.49 10.74 9.39 14.16 22.51 15.83 15.62 16.25 27.75 9.75 25.03 13.41 13.88 8.28 14.07 14.07 14.04 8.3 21.69 21.61 17.59 10.87 17.68 14.08 0.001 0.001 0.001 0.001 12.26 15.07 9.1 12.36 17.68 16.74 11.35 17.1 5.88 13.72 17.67 12.53 14.86 9.03 18.18 8.06 13.79 14.04 15.23 11.91 21.86 9.64 15.95 3.98 15.01 16.91 10.93 17.64 16.24 18.66 11.84 0.001 0.001 0.001 0.001 17.58 15.27 23.21 10.66 19.43 13.02 9.54 17.15 9.62 11.04 12.25 15.79 11.25 19.04 10.5 15.81 15.54 11 13.39 12.54 18.6 20.84 11.1 18.49 14.72 7.62 12.17 16.73 15.54 5.84 17.18 0.001 0.001 0.001 0.001 14.66 14.95 10.79 9.96 9.29 13.42 20.1 21.58 20.88 19.86 14.11 10.41 13.77 5.95 13.82 21.22 15.49 19.11 16.84 12.08 21.54 14.71 11.34 15.26 9.31 18.24 16.88 13.67 13.17 18.51 11.02 0.001 0.001 0.001 0.001 14.26 19.48 16.86 6.58 9.99 19.81 17.59 11.37 9.95 18.88 11.96 21.76 21.64 9.54 11.83 10.31 17.5 10.16 7.37 22.58 18.77 18.06 12.51 14.96 17.32 10.2 14.53 15.66 21.35 17.41 19.81 0.001 0.001 0.001 0.001 18.48 20.31 14.76 11.32 19.08 15.52 13.55 19.21 12.15 19.31 11.84 16.47 18.34 9.99 16.49 14.58 17.53 12.04 14.67 20.18 15.63 18.09 14.17 11.14 14.96 10.41 5.26 19.38 10.92 8.15 18.73 0.001 0.001 0.001 0.001 18.74 17.73 8.53 16.33 17.73 17.51 5.91 14.12 22.42 17.99 8.59 8.76 16.84 14.35 18.6 16.1 15.3 15.69 15.62 10.24 23.81 9.7 14.94 12.96 21.75 18.79 12.89 15.77 19.37 23.39 16.13 0.001 0.001 0.001 0.001 26.46 14.02 13.3 15.59 18.5 16.14 7.66 16.33 16.69 17.47 11.13 6.11 13.78 11.46 12.13 11.42 13.51 13.83 17.99 18.7 12.02 13.84 16.36 20.25 14.79 8.63 15.87 14.55 21.65 16.29 12.66 0.001 0.001 0.001 0.001 18.43 16.2 13.62 11.47 17.38 14.77 15.69 19.14 21.57 11.42 21.17 11.75 16 15.83 13.96 20.23 12.53 17.48 14.95 11.51 19.56 7.17 13.03 9.22 15.73 15.99 10.8 17.44 11.13 17.47 15.89 0.001 0.001 0.001 0.001 9.49 15.57 21.65 12.57 14.25 17.58 15.14 22.29 17.76 23.71 16.31 10.75 16.58 11.53 11.22 14.29 18.5 16.29 18.05 18.43 14.36 5.99 17.98 23.13 15.22 9.92 13.62 11.5 14.84 17.54 18.25 0.001 0.001 0.001 0.001 23.44 13.15 16.78 19.48 14.56 16.97 15.8 14.5 15.63 18.62 16.53 13.25 6.6 12.02 14.93 5.57 23.29 9.42 10.65 20.47 6.79 17.77 13.71 16.71 18.29 11.41 12.35 3.76 11.4 16.43 16.89 0.001 0.001 0.001 0.001 13.17 17.81 16.74 15.49 11.94 14.85 17.93 17.54 13.19 12.49 16.92 18.93 15.45 13.83 11.7 13.43 9.44 12.39 19.26 19.17 11.73 15.79 15.26 8.77 18.04 7.83 10.32 18.74 12.97 14.19 8.92 0.001 0.001 0.001 0.001 10 10.89 22.64 13.78 17.9 17.94 17.86 16.11 10.3 11.21 17.82 10.09 16.98 13 13.51 12.04 14.14 18.29 16.7 14.13 18.26 21.21 14.98 16.76 16.04 11.33 11.53 22.2 18.3 17.78 15.55 0.001 0.001 0.001 0.001 11.21 24 18.01 14.06 19.55 12.65 21.42 13.52 6.29 20.12 19.25 12.1 9.71 8.12 13.99 8.12 11.95 15.61 18.21 11.93 14.54 15.96 21.45 11.41 8.98 8.08 17.08 14.77 17.9 14.47 16.47 0.001 0.001 0.001 0.001 13.48 17.5 15.62 21.68 17.67 13.73 14.97 14.53 7.16 21.37 18.99 12.13 16.43 15.91 10.75 20.59 14.07 15.69 16.52 11.27 10.93 14.82 17.16 15.28 17.65 16.26 17.05 9.74 17.54 12.04 13.25 0.001 0.001 0.001 0.001 12.31 12.92 19.67 10.28 14.19 5.73 12.47 13.12 20.78 11.39 11.73 9.76 15.67 19.33 10.51 13.4 20.12 12.43 17.57 16.46 10.1 19.56 17.98 13.17 11.61 13.54 18.05 12.88 7.97 14.46 17.89 0.001 0.001 0.001 0.001 0.001 0.001 0.001 0.001 0.001 0.001 0.001 0.001 0.001 0.001 0.001 0.001 0.001 0.001 0.001 0.001 0.001 0.001 0.001 0.001 0.001 0.001 0.001 0.001 0.001 0.001 0.001 0.001 0.001 0.001 0.001 0.001 0.001 0.001 0.001 0.001 0.001 0.001 0.001 0.001 0.001 0.001 0.001 0.001 0.001 0.001 0.001 0.001 0.001 0.001 0.001 0.001 0.001 0.001 0.001 0.001 0.001 0.001 0.001 0.001 0.001 0.001 0.001 0.001 0.001 0.001 0.001 0.001
/

leaf	area
&indivlarea
nodates = 1
values = 900
900
900
900
900
900
900
900
900
900
900
900
900
900
900
900
900
900
900
900
900
900
900
900
900
900
900
900
900
900
900
900
900
900
900
900
900
900
900
900
900
900
900
900
900
900
900
900
900
900
900
900
900
900
900
900
900
900
900
900
900
900
900
900
900
900
900
900
900
900
900
900
47.62
47.62
47.62
47.62
47.62
47.62
47.62
47.62
47.62
47.62
47.62
47.62
47.62
47.62
47.62
47.62
47.62
47.62
47.62
47.62
47.62
47.62
47.62
47.62
47.62
47.62
47.62
47.62
47.62
47.62
47.62
900
900
900
900
47.62
47.62
47.62
47.62
47.62
47.62
47.62
47.62
47.62
47.62
47.62
47.62
47.62
47.62
47.62
47.62
47.62
47.62
47.62
47.62
47.62
47.62
47.62
47.62
47.62
47.62
47.62
47.62
47.62
47.62
47.62
900
900
900
900
47.62
47.62
47.62
47.62
47.62
47.62
47.62
47.62
47.62
47.62
47.62
47.62
47.62
47.62
47.62
47.62
47.62
47.62
47.62
47.62
47.62
47.62
47.62
47.62
47.62
47.62
47.62
47.62
47.62
47.62
47.62
900
900
900
900
47.62
47.62
47.62
47.62
47.62
47.62
47.62
47.62
47.62
47.62
47.62
47.62
47.62
47.62
47.62
47.62
47.62
47.62
47.62
47.62
47.62
47.62
47.62
47.62
47.62
47.62
47.62
47.62
47.62
47.62
47.62
900
900
900
900
47.62
47.62
47.62
47.62
47.62
47.62
47.62
47.62
47.62
47.62
47.62
47.62
47.62
47.62
47.62
47.62
47.62
47.62
47.62
47.62
47.62
47.62
47.62
47.62
47.62
47.62
47.62
47.62
47.62
47.62
47.62
900
900
900
900
47.62
47.62
47.62
47.62
47.62
47.62
47.62
47.62
47.62
47.62
47.62
47.62
47.62
47.62
47.62
47.62
47.62
47.62
47.62
47.62
47.62
47.62
47.62
47.62
47.62
47.62
47.62
47.62
47.62
47.62
47.62
900
900
900
900
47.62
47.62
47.62
47.62
47.62
47.62
47.62
47.62
47.62
47.62
47.62
47.62
47.62
47.62
47.62
47.62
47.62
47.62
47.62
47.62
47.62
47.62
47.62
47.62
47.62
47.62
47.62
47.62
47.62
47.62
47.62
900
900
900
900
47.62
47.62
47.62
47.62
47.62
47.62
47.62
47.62
47.62
47.62
47.62
47.62
47.62
47.62
47.62
47.62
47.62
47.62
47.62
47.62
47.62
47.62
47.62
47.62
47.62
47.62
47.62
47.62
47.62
47.62
47.62
900
900
900
900
47.62
47.62
47.62
47.62
47.62
47.62
47.62
47.62
47.62
47.62
47.62
47.62
47.62
47.62
47.62
47.62
47.62
47.62
47.62
47.62
47.62
47.62
47.62
47.62
47.62
47.62
47.62
47.62
47.62
47.62
47.62
900
900
900
900
47.62
47.62
47.62
47.62
47.62
47.62
47.62
47.62
47.62
47.62
47.62
47.62
47.62
47.62
47.62
47.62
47.62
47.62
47.62
47.62
47.62
47.62
47.62
47.62
47.62
47.62
47.62
47.62
47.62
47.62
47.62
900
900
900
900
47.62
47.62
47.62
47.62
47.62
47.62
47.62
47.62
47.62
47.62
47.62
47.62
47.62
47.62
47.62
47.62
47.62
47.62
47.62
47.62
47.62
47.62
47.62
47.62
47.62
47.62
47.62
47.62
47.62
47.62
47.62
900
900
900
900
47.62
47.62
47.62
47.62
47.62
47.62
47.62
47.62
47.62
47.62
47.62
47.62
47.62
47.62
47.62
47.62
47.62
47.62
47.62
47.62
47.62
47.62
47.62
47.62
47.62
47.62
47.62
47.62
47.62
47.62
47.62
900
900
900
900
47.62
47.62
47.62
47.62
47.62
47.62
47.62
47.62
47.62
47.62
47.62
47.62
47.62
47.62
47.62
47.62
47.62
47.62
47.62
47.62
47.62
47.62
47.62
47.62
47.62
47.62
47.62
47.62
47.62
47.62
47.62
900
900
900
900
47.62
47.62
47.62
47.62
47.62
47.62
47.62
47.62
47.62
47.62
47.62
47.62
47.62
47.62
47.62
47.62
47.62
47.62
47.62
47.62
47.62
47.62
47.62
47.62
47.62
47.62
47.62
47.62
47.62
47.62
47.62
900
900
900
900
47.62
47.62
47.62
47.62
47.62
47.62
47.62
47.62
47.62
47.62
47.62
47.62
47.62
47.62
47.62
47.62
47.62
47.62
47.62
47.62
47.62
47.62
47.62
47.62
47.62
47.62
47.62
47.62
47.62
47.62
47.62
900
900
900
900
47.62
47.62
47.62
47.62
47.62
47.62
47.62
47.62
47.62
47.62
47.62
47.62
47.62
47.62
47.62
47.62
47.62
47.62
47.62
47.62
47.62
47.62
47.62
47.62
47.62
47.62
47.62
47.62
47.62
47.62
47.62
900
900
900
900
47.62
47.62
47.62
47.62
47.62
47.62
47.62
47.62
47.62
47.62
47.62
47.62
47.62
47.62
47.62
47.62
47.62
47.62
47.62
47.62
47.62
47.62
47.62
47.62
47.62
47.62
47.62
47.62
47.62
47.62
47.62
900
900
900
900
47.62
47.62
47.62
47.62
47.62
47.62
47.62
47.62
47.62
47.62
47.62
47.62
47.62
47.62
47.62
47.62
47.62
47.62
47.62
47.62
47.62
47.62
47.62
47.62
47.62
47.62
47.62
47.62
47.62
47.62
47.62
900
900
900
900
47.62
47.62
47.62
47.62
47.62
47.62
47.62
47.62
47.62
47.62
47.62
47.62
47.62
47.62
47.62
47.62
47.62
47.62
47.62
47.62
47.62
47.62
47.62
47.62
47.62
47.62
47.62
47.62
47.62
47.62
47.62
900
900
900
900
47.62
47.62
47.62
47.62
47.62
47.62
47.62
47.62
47.62
47.62
47.62
47.62
47.62
47.62
47.62
47.62
47.62
47.62
47.62
47.62
47.62
47.62
47.62
47.62
47.62
47.62
47.62
47.62
47.62
47.62
47.62
900
900
900
900
47.62
47.62
47.62
47.62
47.62
47.62
47.62
47.62
47.62
47.62
47.62
47.62
47.62
47.62
47.62
47.62
47.62
47.62
47.62
47.62
47.62
47.62
47.62
47.62
47.62
47.62
47.62
47.62
47.62
47.62
47.62
900
900
900
900
47.62
47.62
47.62
47.62
47.62
47.62
47.62
47.62
47.62
47.62
47.62
47.62
47.62
47.62
47.62
47.62
47.62
47.62
47.62
47.62
47.62
47.62
47.62
47.62
47.62
47.62
47.62
47.62
47.62
47.62
47.62
900
900
900
900
47.62
47.62
47.62
47.62
47.62
47.62
47.62
47.62
47.62
47.62
47.62
47.62
47.62
47.62
47.62
47.62
47.62
47.62
47.62
47.62
47.62
47.62
47.62
47.62
47.62
47.62
47.62
47.62
47.62
47.62
47.62
900
900
900
900
47.62
47.62
47.62
47.62
47.62
47.62
47.62
47.62
47.62
47.62
47.62
47.62
47.62
47.62
47.62
47.62
47.62
47.62
47.62
47.62
47.62
47.62
47.62
47.62
47.62
47.62
47.62
47.62
47.62
47.62
47.62
900
900
900
900
47.62
47.62
47.62
47.62
47.62
47.62
47.62
47.62
47.62
47.62
47.62
47.62
47.62
47.62
47.62
47.62
47.62
47.62
47.62
47.62
47.62
47.62
47.62
47.62
47.62
47.62
47.62
47.62
47.62
47.62
47.62
900
900
900
900
47.62
47.62
47.62
47.62
47.62
47.62
47.62
47.62
47.62
47.62
47.62
47.62
47.62
47.62
47.62
47.62
47.62
47.62
47.62
47.62
47.62
47.62
47.62
47.62
47.62
47.62
47.62
47.62
47.62
47.62
47.62
900
900
900
900
47.62
47.62
47.62
47.62
47.62
47.62
47.62
47.62
47.62
47.62
47.62
47.62
47.62
47.62
47.62
47.62
47.62
47.62
47.62
47.62
47.62
47.62
47.62
47.62
47.62
47.62
47.62
47.62
47.62
47.62
47.62
900
900
900
900
47.62
47.62
47.62
47.62
47.62
47.62
47.62
47.62
47.62
47.62
47.62
47.62
47.62
47.62
47.62
47.62
47.62
47.62
47.62
47.62
47.62
47.62
47.62
47.62
47.62
47.62
47.62
47.62
47.62
47.62
47.62
900
900
900
900
47.62
47.62
47.62
47.62
47.62
47.62
47.62
47.62
47.62
47.62
47.62
47.62
47.62
47.62
47.62
47.62
47.62
47.62
47.62
47.62
47.62
47.62
47.62
47.62
47.62
47.62
47.62
47.62
47.62
47.62
47.62
900
900
900
900
47.62
47.62
47.62
47.62
47.62
47.62
47.62
47.62
47.62
47.62
47.62
47.62
47.62
47.62
47.62
47.62
47.62
47.62
47.62
47.62
47.62
47.62
47.62
47.62
47.62
47.62
47.62
47.62
47.62
47.62
47.62
900
900
900
900
47.62
47.62
47.62
47.62
47.62
47.62
47.62
47.62
47.62
47.62
47.62
47.62
47.62
47.62
47.62
47.62
47.62
47.62
47.62
47.62
47.62
47.62
47.62
47.62
47.62
47.62
47.62
47.62
47.62
47.62
47.62
900
900
900
900
900
900
900
900
900
900
900
900
900
900
900
900
900
900
900
900
900
900
900
900
900
900
900
900
900
900
900
900
900
900
900
900
900
900
900
900
900
900
900
900
900
900
900
900
900
900
900
900
900
900
900
900
900
900
900
900
900
900
900
900
900
900
900
900
900
900
900
900 

/

