   1       0.7885   0.7284   0.4833
   2       0.7876   0.7215   0.4772
   3       0.7836   0.7105   0.4750
   4       0.7485   0.7823   0.5347
   5       0.7610   0.7592   0.5095
   6       0.7711   0.7620   0.5115
   7       0.7145   0.7738   0.5172
   8       0.7463   0.7365   0.4914
   9       0.7204   0.7383   0.4975
  10       0.7042   0.7920   0.5504
  11       0.7499   0.7650   0.5370
  12       0.7467   0.7617   0.5322
  13       0.6579   0.8244   0.6105
  14       0.6683   0.8122   0.6026
  15       0.6694   0.8152   0.6100
  16       0.6540   0.8519   0.6378
  17       0.6554   0.8483   0.6423
  18       0.6741   0.8504   0.6593
  19       0.8006   0.7357   0.4930
  20       0.8031   0.7722   0.5290
  21       0.7823   0.7790   0.5378
  22       0.7615   0.7759   0.5306
  23       0.7585   0.7890   0.5411
  24       0.7454   0.7942   0.5499
  25       0.7314   0.7973   0.5387
  26       0.7426   0.8180   0.5600
  27       0.7401   0.7964   0.5495
  28       0.7006   0.8151   0.5679
  29       0.6787   0.7951   0.5664
  30       0.6895   0.7917   0.5636
  31       0.6808   0.8206   0.6121
  32       0.7074   0.8174   0.6246
  33       0.7050   0.7922   0.5932
  34       0.6989   0.8425   0.6387
  35       0.6880   0.8392   0.6356
  36       0.6863   0.8274   0.6275
  37       0.8185   0.7420   0.5117
  38       0.8121   0.7459   0.5173
  39       0.8015   0.7511   0.5237
  40       0.7708   0.7472   0.5079
  41       0.7734   0.7369   0.5042
  42       0.7656   0.7287   0.5054
  43       0.7483   0.7674   0.5242
  44       0.7142   0.7812   0.5427
  45       0.6962   0.7835   0.5559
  46       0.6845   0.8101   0.5684
  47       0.6464   0.7786   0.5564
  48       0.6571   0.7808   0.5750
  49       0.6898   0.8355   0.6104
  50       0.6847   0.7932   0.5854
  51       0.6846   0.7806   0.5818
  52       0.6989   0.8402   0.6511
  53       0.6656   0.8481   0.6631
  54       0.6592   0.8456   0.6677
  55       0.8173   0.7359   0.4944
  56       0.8182   0.7350   0.4967
  57       0.7968   0.7295   0.4957
  58       0.7790   0.7605   0.5131
  59       0.7649   0.7497   0.5103
  60       0.7721   0.7544   0.5184
  61       0.7364   0.7861   0.5326
  62       0.7088   0.7885   0.5336
  63       0.6834   0.7891   0.5421
  64       0.6807   0.8034   0.5656
  65       0.7315   0.7972   0.5641
  66       0.7045   0.8173   0.5772
  67       0.6626   0.8260   0.6051
  68       0.6224   0.8306   0.6385
  69       0.6072   0.8324   0.6457
  70       0.6409   0.8462   0.6478
  71       0.6331   0.8547   0.6699
  72       0.6204   0.8566   0.6751
