Example trees file.

&plot
x0 = 0
y0 = 0
xmax = 196
ymax = 196
xslope = 0
yslope = 0
bearing = 45
notrees = 1225
/

&aerodyn
zht	=	30
zpd	=	16
z0ht	=	3
/

&xy
xycoords = 0 0
0 5.76
0 11.53
0 17.29
0 23.06
0 28.82
0 34.59
0 40.35
0 46.12
0 51.88
0 57.65
0 63.41
0 69.18
0 74.94
0 80.71
0 86.47
0 92.24
0 98
0 103.76
0 109.53
0 115.29
0 121.06
0 126.82
0 132.59
0 138.35
0 144.12
0 149.88
0 155.65
0 161.41
0 167.18
0 172.94
0 178.71
0 184.47
0 190.24
0 196
5.76 0
5.76 5.76
5.76 11.53
5.76 17.29
5.76 23.06
5.76 28.82
5.76 34.59
5.76 40.35
5.76 46.12
5.76 51.88
5.76 57.65
5.76 63.41
5.76 69.18
5.76 74.94
5.76 80.71
5.76 86.47
5.76 92.24
5.76 98
5.76 103.76
5.76 109.53
5.76 115.29
5.76 121.06
5.76 126.82
5.76 132.59
5.76 138.35
5.76 144.12
5.76 149.88
5.76 155.65
5.76 161.41
5.76 167.18
5.76 172.94
5.76 178.71
5.76 184.47
5.76 190.24
5.76 196
11.53 0
11.53 5.76
11.53 11.53
11.53 17.29
11.53 23.06
11.53 28.82
11.53 34.59
11.53 40.35
11.53 46.12
11.53 51.88
11.53 57.65
11.53 63.41
11.53 69.18
11.53 74.94
11.53 80.71
11.53 86.47
11.53 92.24
11.53 98
11.53 103.76
11.53 109.53
11.53 115.29
11.53 121.06
11.53 126.82
11.53 132.59
11.53 138.35
11.53 144.12
11.53 149.88
11.53 155.65
11.53 161.41
11.53 167.18
11.53 172.94
11.53 178.71
11.53 184.47
11.53 190.24
11.53 196
17.29 0
17.29 5.76
17.29 11.53
17.29 17.29
17.29 23.06
17.29 28.82
17.29 34.59
17.29 40.35
17.29 46.12
17.29 51.88
17.29 57.65
17.29 63.41
17.29 69.18
17.29 74.94
17.29 80.71
17.29 86.47
17.29 92.24
17.29 98
17.29 103.76
17.29 109.53
17.29 115.29
17.29 121.06
17.29 126.82
17.29 132.59
17.29 138.35
17.29 144.12
17.29 149.88
17.29 155.65
17.29 161.41
17.29 167.18
17.29 172.94
17.29 178.71
17.29 184.47
17.29 190.24
17.29 196
23.06 0
23.06 5.76
23.06 11.53
23.06 17.29
23.06 23.06
23.06 28.82
23.06 34.59
23.06 40.35
23.06 46.12
23.06 51.88
23.06 57.65
23.06 63.41
23.06 69.18
23.06 74.94
23.06 80.71
23.06 86.47
23.06 92.24
23.06 98
23.06 103.76
23.06 109.53
23.06 115.29
23.06 121.06
23.06 126.82
23.06 132.59
23.06 138.35
23.06 144.12
23.06 149.88
23.06 155.65
23.06 161.41
23.06 167.18
23.06 172.94
23.06 178.71
23.06 184.47
23.06 190.24
23.06 196
28.82 0
28.82 5.76
28.82 11.53
28.82 17.29
28.82 23.06
28.82 28.82
28.82 34.59
28.82 40.35
28.82 46.12
28.82 51.88
28.82 57.65
28.82 63.41
28.82 69.18
28.82 74.94
28.82 80.71
28.82 86.47
28.82 92.24
28.82 98
28.82 103.76
28.82 109.53
28.82 115.29
28.82 121.06
28.82 126.82
28.82 132.59
28.82 138.35
28.82 144.12
28.82 149.88
28.82 155.65
28.82 161.41
28.82 167.18
28.82 172.94
28.82 178.71
28.82 184.47
28.82 190.24
28.82 196
34.59 0
34.59 5.76
34.59 11.53
34.59 17.29
34.59 23.06
34.59 28.82
34.59 34.59
34.59 40.35
34.59 46.12
34.59 51.88
34.59 57.65
34.59 63.41
34.59 69.18
34.59 74.94
34.59 80.71
34.59 86.47
34.59 92.24
34.59 98
34.59 103.76
34.59 109.53
34.59 115.29
34.59 121.06
34.59 126.82
34.59 132.59
34.59 138.35
34.59 144.12
34.59 149.88
34.59 155.65
34.59 161.41
34.59 167.18
34.59 172.94
34.59 178.71
34.59 184.47
34.59 190.24
34.59 196
40.35 0
40.35 5.76
40.35 11.53
40.35 17.29
40.35 23.06
40.35 28.82
40.35 34.59
40.35 40.35
40.35 46.12
40.35 51.88
40.35 57.65
40.35 63.41
40.35 69.18
40.35 74.94
40.35 80.71
40.35 86.47
40.35 92.24
40.35 98
40.35 103.76
40.35 109.53
40.35 115.29
40.35 121.06
40.35 126.82
40.35 132.59
40.35 138.35
40.35 144.12
40.35 149.88
40.35 155.65
40.35 161.41
40.35 167.18
40.35 172.94
40.35 178.71
40.35 184.47
40.35 190.24
40.35 196
46.12 0
46.12 5.76
46.12 11.53
46.12 17.29
46.12 23.06
46.12 28.82
46.12 34.59
46.12 40.35
46.12 46.12
46.12 51.88
46.12 57.65
46.12 63.41
46.12 69.18
46.12 74.94
46.12 80.71
46.12 86.47
46.12 92.24
46.12 98
46.12 103.76
46.12 109.53
46.12 115.29
46.12 121.06
46.12 126.82
46.12 132.59
46.12 138.35
46.12 144.12
46.12 149.88
46.12 155.65
46.12 161.41
46.12 167.18
46.12 172.94
46.12 178.71
46.12 184.47
46.12 190.24
46.12 196
51.88 0
51.88 5.76
51.88 11.53
51.88 17.29
51.88 23.06
51.88 28.82
51.88 34.59
51.88 40.35
51.88 46.12
51.88 51.88
51.88 57.65
51.88 63.41
51.88 69.18
51.88 74.94
51.88 80.71
51.88 86.47
51.88 92.24
51.88 98
51.88 103.76
51.88 109.53
51.88 115.29
51.88 121.06
51.88 126.82
51.88 132.59
51.88 138.35
51.88 144.12
51.88 149.88
51.88 155.65
51.88 161.41
51.88 167.18
51.88 172.94
51.88 178.71
51.88 184.47
51.88 190.24
51.88 196
57.65 0
57.65 5.76
57.65 11.53
57.65 17.29
57.65 23.06
57.65 28.82
57.65 34.59
57.65 40.35
57.65 46.12
57.65 51.88
57.65 57.65
57.65 63.41
57.65 69.18
57.65 74.94
57.65 80.71
57.65 86.47
57.65 92.24
57.65 98
57.65 103.76
57.65 109.53
57.65 115.29
57.65 121.06
57.65 126.82
57.65 132.59
57.65 138.35
57.65 144.12
57.65 149.88
57.65 155.65
57.65 161.41
57.65 167.18
57.65 172.94
57.65 178.71
57.65 184.47
57.65 190.24
57.65 196
63.41 0
63.41 5.76
63.41 11.53
63.41 17.29
63.41 23.06
63.41 28.82
63.41 34.59
63.41 40.35
63.41 46.12
63.41 51.88
63.41 57.65
63.41 63.41
63.41 69.18
63.41 74.94
63.41 80.71
63.41 86.47
63.41 92.24
63.41 98
63.41 103.76
63.41 109.53
63.41 115.29
63.41 121.06
63.41 126.82
63.41 132.59
63.41 138.35
63.41 144.12
63.41 149.88
63.41 155.65
63.41 161.41
63.41 167.18
63.41 172.94
63.41 178.71
63.41 184.47
63.41 190.24
63.41 196
69.18 0
69.18 5.76
69.18 11.53
69.18 17.29
69.18 23.06
69.18 28.82
69.18 34.59
69.18 40.35
69.18 46.12
69.18 51.88
69.18 57.65
69.18 63.41
69.18 69.18
69.18 74.94
69.18 80.71
69.18 86.47
69.18 92.24
69.18 98
69.18 103.76
69.18 109.53
69.18 115.29
69.18 121.06
69.18 126.82
69.18 132.59
69.18 138.35
69.18 144.12
69.18 149.88
69.18 155.65
69.18 161.41
69.18 167.18
69.18 172.94
69.18 178.71
69.18 184.47
69.18 190.24
69.18 196
74.94 0
74.94 5.76
74.94 11.53
74.94 17.29
74.94 23.06
74.94 28.82
74.94 34.59
74.94 40.35
74.94 46.12
74.94 51.88
74.94 57.65
74.94 63.41
74.94 69.18
74.94 74.94
74.94 80.71
74.94 86.47
74.94 92.24
74.94 98
74.94 103.76
74.94 109.53
74.94 115.29
74.94 121.06
74.94 126.82
74.94 132.59
74.94 138.35
74.94 144.12
74.94 149.88
74.94 155.65
74.94 161.41
74.94 167.18
74.94 172.94
74.94 178.71
74.94 184.47
74.94 190.24
74.94 196
80.71 0
80.71 5.76
80.71 11.53
80.71 17.29
80.71 23.06
80.71 28.82
80.71 34.59
80.71 40.35
80.71 46.12
80.71 51.88
80.71 57.65
80.71 63.41
80.71 69.18
80.71 74.94
80.71 80.71
80.71 86.47
80.71 92.24
80.71 98
80.71 103.76
80.71 109.53
80.71 115.29
80.71 121.06
80.71 126.82
80.71 132.59
80.71 138.35
80.71 144.12
80.71 149.88
80.71 155.65
80.71 161.41
80.71 167.18
80.71 172.94
80.71 178.71
80.71 184.47
80.71 190.24
80.71 196
86.47 0
86.47 5.76
86.47 11.53
86.47 17.29
86.47 23.06
86.47 28.82
86.47 34.59
86.47 40.35
86.47 46.12
86.47 51.88
86.47 57.65
86.47 63.41
86.47 69.18
86.47 74.94
86.47 80.71
86.47 86.47
86.47 92.24
86.47 98
86.47 103.76
86.47 109.53
86.47 115.29
86.47 121.06
86.47 126.82
86.47 132.59
86.47 138.35
86.47 144.12
86.47 149.88
86.47 155.65
86.47 161.41
86.47 167.18
86.47 172.94
86.47 178.71
86.47 184.47
86.47 190.24
86.47 196
92.24 0
92.24 5.76
92.24 11.53
92.24 17.29
92.24 23.06
92.24 28.82
92.24 34.59
92.24 40.35
92.24 46.12
92.24 51.88
92.24 57.65
92.24 63.41
92.24 69.18
92.24 74.94
92.24 80.71
92.24 86.47
92.24 92.24
92.24 98
92.24 103.76
92.24 109.53
92.24 115.29
92.24 121.06
92.24 126.82
92.24 132.59
92.24 138.35
92.24 144.12
92.24 149.88
92.24 155.65
92.24 161.41
92.24 167.18
92.24 172.94
92.24 178.71
92.24 184.47
92.24 190.24
92.24 196
98 0
98 5.76
98 11.53
98 17.29
98 23.06
98 28.82
98 34.59
98 40.35
98 46.12
98 51.88
98 57.65
98 63.41
98 69.18
98 74.94
98 80.71
98 86.47
98 92.24
98 98
98 103.76
98 109.53
98 115.29
98 121.06
98 126.82
98 132.59
98 138.35
98 144.12
98 149.88
98 155.65
98 161.41
98 167.18
98 172.94
98 178.71
98 184.47
98 190.24
98 196
103.76 0
103.76 5.76
103.76 11.53
103.76 17.29
103.76 23.06
103.76 28.82
103.76 34.59
103.76 40.35
103.76 46.12
103.76 51.88
103.76 57.65
103.76 63.41
103.76 69.18
103.76 74.94
103.76 80.71
103.76 86.47
103.76 92.24
103.76 98
103.76 103.76
103.76 109.53
103.76 115.29
103.76 121.06
103.76 126.82
103.76 132.59
103.76 138.35
103.76 144.12
103.76 149.88
103.76 155.65
103.76 161.41
103.76 167.18
103.76 172.94
103.76 178.71
103.76 184.47
103.76 190.24
103.76 196
109.53 0
109.53 5.76
109.53 11.53
109.53 17.29
109.53 23.06
109.53 28.82
109.53 34.59
109.53 40.35
109.53 46.12
109.53 51.88
109.53 57.65
109.53 63.41
109.53 69.18
109.53 74.94
109.53 80.71
109.53 86.47
109.53 92.24
109.53 98
109.53 103.76
109.53 109.53
109.53 115.29
109.53 121.06
109.53 126.82
109.53 132.59
109.53 138.35
109.53 144.12
109.53 149.88
109.53 155.65
109.53 161.41
109.53 167.18
109.53 172.94
109.53 178.71
109.53 184.47
109.53 190.24
109.53 196
115.29 0
115.29 5.76
115.29 11.53
115.29 17.29
115.29 23.06
115.29 28.82
115.29 34.59
115.29 40.35
115.29 46.12
115.29 51.88
115.29 57.65
115.29 63.41
115.29 69.18
115.29 74.94
115.29 80.71
115.29 86.47
115.29 92.24
115.29 98
115.29 103.76
115.29 109.53
115.29 115.29
115.29 121.06
115.29 126.82
115.29 132.59
115.29 138.35
115.29 144.12
115.29 149.88
115.29 155.65
115.29 161.41
115.29 167.18
115.29 172.94
115.29 178.71
115.29 184.47
115.29 190.24
115.29 196
121.06 0
121.06 5.76
121.06 11.53
121.06 17.29
121.06 23.06
121.06 28.82
121.06 34.59
121.06 40.35
121.06 46.12
121.06 51.88
121.06 57.65
121.06 63.41
121.06 69.18
121.06 74.94
121.06 80.71
121.06 86.47
121.06 92.24
121.06 98
121.06 103.76
121.06 109.53
121.06 115.29
121.06 121.06
121.06 126.82
121.06 132.59
121.06 138.35
121.06 144.12
121.06 149.88
121.06 155.65
121.06 161.41
121.06 167.18
121.06 172.94
121.06 178.71
121.06 184.47
121.06 190.24
121.06 196
126.82 0
126.82 5.76
126.82 11.53
126.82 17.29
126.82 23.06
126.82 28.82
126.82 34.59
126.82 40.35
126.82 46.12
126.82 51.88
126.82 57.65
126.82 63.41
126.82 69.18
126.82 74.94
126.82 80.71
126.82 86.47
126.82 92.24
126.82 98
126.82 103.76
126.82 109.53
126.82 115.29
126.82 121.06
126.82 126.82
126.82 132.59
126.82 138.35
126.82 144.12
126.82 149.88
126.82 155.65
126.82 161.41
126.82 167.18
126.82 172.94
126.82 178.71
126.82 184.47
126.82 190.24
126.82 196
132.59 0
132.59 5.76
132.59 11.53
132.59 17.29
132.59 23.06
132.59 28.82
132.59 34.59
132.59 40.35
132.59 46.12
132.59 51.88
132.59 57.65
132.59 63.41
132.59 69.18
132.59 74.94
132.59 80.71
132.59 86.47
132.59 92.24
132.59 98
132.59 103.76
132.59 109.53
132.59 115.29
132.59 121.06
132.59 126.82
132.59 132.59
132.59 138.35
132.59 144.12
132.59 149.88
132.59 155.65
132.59 161.41
132.59 167.18
132.59 172.94
132.59 178.71
132.59 184.47
132.59 190.24
132.59 196
138.35 0
138.35 5.76
138.35 11.53
138.35 17.29
138.35 23.06
138.35 28.82
138.35 34.59
138.35 40.35
138.35 46.12
138.35 51.88
138.35 57.65
138.35 63.41
138.35 69.18
138.35 74.94
138.35 80.71
138.35 86.47
138.35 92.24
138.35 98
138.35 103.76
138.35 109.53
138.35 115.29
138.35 121.06
138.35 126.82
138.35 132.59
138.35 138.35
138.35 144.12
138.35 149.88
138.35 155.65
138.35 161.41
138.35 167.18
138.35 172.94
138.35 178.71
138.35 184.47
138.35 190.24
138.35 196
144.12 0
144.12 5.76
144.12 11.53
144.12 17.29
144.12 23.06
144.12 28.82
144.12 34.59
144.12 40.35
144.12 46.12
144.12 51.88
144.12 57.65
144.12 63.41
144.12 69.18
144.12 74.94
144.12 80.71
144.12 86.47
144.12 92.24
144.12 98
144.12 103.76
144.12 109.53
144.12 115.29
144.12 121.06
144.12 126.82
144.12 132.59
144.12 138.35
144.12 144.12
144.12 149.88
144.12 155.65
144.12 161.41
144.12 167.18
144.12 172.94
144.12 178.71
144.12 184.47
144.12 190.24
144.12 196
149.88 0
149.88 5.76
149.88 11.53
149.88 17.29
149.88 23.06
149.88 28.82
149.88 34.59
149.88 40.35
149.88 46.12
149.88 51.88
149.88 57.65
149.88 63.41
149.88 69.18
149.88 74.94
149.88 80.71
149.88 86.47
149.88 92.24
149.88 98
149.88 103.76
149.88 109.53
149.88 115.29
149.88 121.06
149.88 126.82
149.88 132.59
149.88 138.35
149.88 144.12
149.88 149.88
149.88 155.65
149.88 161.41
149.88 167.18
149.88 172.94
149.88 178.71
149.88 184.47
149.88 190.24
149.88 196
155.65 0
155.65 5.76
155.65 11.53
155.65 17.29
155.65 23.06
155.65 28.82
155.65 34.59
155.65 40.35
155.65 46.12
155.65 51.88
155.65 57.65
155.65 63.41
155.65 69.18
155.65 74.94
155.65 80.71
155.65 86.47
155.65 92.24
155.65 98
155.65 103.76
155.65 109.53
155.65 115.29
155.65 121.06
155.65 126.82
155.65 132.59
155.65 138.35
155.65 144.12
155.65 149.88
155.65 155.65
155.65 161.41
155.65 167.18
155.65 172.94
155.65 178.71
155.65 184.47
155.65 190.24
155.65 196
161.41 0
161.41 5.76
161.41 11.53
161.41 17.29
161.41 23.06
161.41 28.82
161.41 34.59
161.41 40.35
161.41 46.12
161.41 51.88
161.41 57.65
161.41 63.41
161.41 69.18
161.41 74.94
161.41 80.71
161.41 86.47
161.41 92.24
161.41 98
161.41 103.76
161.41 109.53
161.41 115.29
161.41 121.06
161.41 126.82
161.41 132.59
161.41 138.35
161.41 144.12
161.41 149.88
161.41 155.65
161.41 161.41
161.41 167.18
161.41 172.94
161.41 178.71
161.41 184.47
161.41 190.24
161.41 196
167.18 0
167.18 5.76
167.18 11.53
167.18 17.29
167.18 23.06
167.18 28.82
167.18 34.59
167.18 40.35
167.18 46.12
167.18 51.88
167.18 57.65
167.18 63.41
167.18 69.18
167.18 74.94
167.18 80.71
167.18 86.47
167.18 92.24
167.18 98
167.18 103.76
167.18 109.53
167.18 115.29
167.18 121.06
167.18 126.82
167.18 132.59
167.18 138.35
167.18 144.12
167.18 149.88
167.18 155.65
167.18 161.41
167.18 167.18
167.18 172.94
167.18 178.71
167.18 184.47
167.18 190.24
167.18 196
172.94 0
172.94 5.76
172.94 11.53
172.94 17.29
172.94 23.06
172.94 28.82
172.94 34.59
172.94 40.35
172.94 46.12
172.94 51.88
172.94 57.65
172.94 63.41
172.94 69.18
172.94 74.94
172.94 80.71
172.94 86.47
172.94 92.24
172.94 98
172.94 103.76
172.94 109.53
172.94 115.29
172.94 121.06
172.94 126.82
172.94 132.59
172.94 138.35
172.94 144.12
172.94 149.88
172.94 155.65
172.94 161.41
172.94 167.18
172.94 172.94
172.94 178.71
172.94 184.47
172.94 190.24
172.94 196
178.71 0
178.71 5.76
178.71 11.53
178.71 17.29
178.71 23.06
178.71 28.82
178.71 34.59
178.71 40.35
178.71 46.12
178.71 51.88
178.71 57.65
178.71 63.41
178.71 69.18
178.71 74.94
178.71 80.71
178.71 86.47
178.71 92.24
178.71 98
178.71 103.76
178.71 109.53
178.71 115.29
178.71 121.06
178.71 126.82
178.71 132.59
178.71 138.35
178.71 144.12
178.71 149.88
178.71 155.65
178.71 161.41
178.71 167.18
178.71 172.94
178.71 178.71
178.71 184.47
178.71 190.24
178.71 196
184.47 0
184.47 5.76
184.47 11.53
184.47 17.29
184.47 23.06
184.47 28.82
184.47 34.59
184.47 40.35
184.47 46.12
184.47 51.88
184.47 57.65
184.47 63.41
184.47 69.18
184.47 74.94
184.47 80.71
184.47 86.47
184.47 92.24
184.47 98
184.47 103.76
184.47 109.53
184.47 115.29
184.47 121.06
184.47 126.82
184.47 132.59
184.47 138.35
184.47 144.12
184.47 149.88
184.47 155.65
184.47 161.41
184.47 167.18
184.47 172.94
184.47 178.71
184.47 184.47
184.47 190.24
184.47 196
190.24 0
190.24 5.76
190.24 11.53
190.24 17.29
190.24 23.06
190.24 28.82
190.24 34.59
190.24 40.35
190.24 46.12
190.24 51.88
190.24 57.65
190.24 63.41
190.24 69.18
190.24 74.94
190.24 80.71
190.24 86.47
190.24 92.24
190.24 98
190.24 103.76
190.24 109.53
190.24 115.29
190.24 121.06
190.24 126.82
190.24 132.59
190.24 138.35
190.24 144.12
190.24 149.88
190.24 155.65
190.24 161.41
190.24 167.18
190.24 172.94
190.24 178.71
190.24 184.47
190.24 190.24
190.24 196
196 0
196 5.76
196 11.53
196 17.29
196 23.06
196 28.82
196 34.59
196 40.35
196 46.12
196 51.88
196 57.65
196 63.41
196 69.18
196 74.94
196 80.71
196 86.47
196 92.24
196 98
196 103.76
196 109.53
196 115.29
196 121.06
196 126.82
196 132.59
196 138.35
196 144.12
196 149.88
196 155.65
196 161.41
196 167.18
196 172.94
196 178.71
196 184.47
196 190.24
196 196

/

crown	radius	in	the	x-direction.
&indivradx
nodates = 1
values = 13
13
13
13
13
13
13
13
13
13
13
13
13
13
13
13
13
13
13
13
13
13
13
13
13
13
13
13
13
13
13
13
13
13
13
13
13
13
13
13
13
13
13
13
13
13
13
13
13
13
13
13
13
13
13
13
13
13
13
13
13
13
13
13
13
13
13
13
13
13
13
13
2.5439045
2.5439045
2.5439045
2.5439045
2.5439045
2.5439045
2.5439045
2.5439045
2.5439045
2.5439045
2.5439045
2.5439045
2.5439045
2.5439045
2.5439045
2.5439045
2.5439045
2.5439045
2.5439045
2.5439045
2.5439045
2.5439045
2.5439045
2.5439045
2.5439045
2.5439045
2.5439045
2.5439045
2.5439045
2.5439045
2.5439045
13
13
13
13
2.5439045
2.5439045
2.5439045
2.5439045
2.5439045
2.5439045
2.5439045
2.5439045
2.5439045
2.5439045
2.5439045
2.5439045
2.5439045
2.5439045
2.5439045
2.5439045
2.5439045
2.5439045
2.5439045
2.5439045
2.5439045
2.5439045
2.5439045
2.5439045
2.5439045
2.5439045
2.5439045
2.5439045
2.5439045
2.5439045
2.5439045
13
13
13
13
2.5439045
2.5439045
2.5439045
2.5439045
2.5439045
2.5439045
2.5439045
2.5439045
2.5439045
2.5439045
2.5439045
2.5439045
2.5439045
2.5439045
2.5439045
2.5439045
2.5439045
2.5439045
2.5439045
2.5439045
2.5439045
2.5439045
2.5439045
2.5439045
2.5439045
2.5439045
2.5439045
2.5439045
2.5439045
2.5439045
2.5439045
13
13
13
13
2.5439045
2.5439045
2.5439045
2.5439045
2.5439045
2.5439045
2.5439045
2.5439045
2.5439045
2.5439045
2.5439045
2.5439045
2.5439045
2.5439045
2.5439045
2.5439045
2.5439045
2.5439045
2.5439045
2.5439045
2.5439045
2.5439045
2.5439045
2.5439045
2.5439045
2.5439045
2.5439045
2.5439045
2.5439045
2.5439045
2.5439045
13
13
13
13
2.5439045
2.5439045
2.5439045
2.5439045
2.5439045
2.5439045
2.5439045
2.5439045
2.5439045
2.5439045
2.5439045
2.5439045
2.5439045
2.5439045
2.5439045
2.5439045
2.5439045
2.5439045
2.5439045
2.5439045
2.5439045
2.5439045
2.5439045
2.5439045
2.5439045
2.5439045
2.5439045
2.5439045
2.5439045
2.5439045
2.5439045
13
13
13
13
2.5439045
2.5439045
2.5439045
2.5439045
2.5439045
2.5439045
2.5439045
2.5439045
2.5439045
2.5439045
2.5439045
2.5439045
2.5439045
2.5439045
2.5439045
2.5439045
2.5439045
2.5439045
2.5439045
2.5439045
2.5439045
2.5439045
2.5439045
2.5439045
2.5439045
2.5439045
2.5439045
2.5439045
2.5439045
2.5439045
2.5439045
13
13
13
13
2.5439045
2.5439045
2.5439045
2.5439045
2.5439045
2.5439045
2.5439045
2.5439045
2.5439045
2.5439045
2.5439045
2.5439045
2.5439045
2.5439045
2.5439045
2.5439045
2.5439045
2.5439045
2.5439045
2.5439045
2.5439045
2.5439045
2.5439045
2.5439045
2.5439045
2.5439045
2.5439045
2.5439045
2.5439045
2.5439045
2.5439045
13
13
13
13
2.5439045
2.5439045
2.5439045
2.5439045
2.5439045
2.5439045
2.5439045
2.5439045
2.5439045
2.5439045
2.5439045
2.5439045
2.5439045
2.5439045
2.5439045
2.5439045
2.5439045
2.5439045
2.5439045
2.5439045
2.5439045
2.5439045
2.5439045
2.5439045
2.5439045
2.5439045
2.5439045
2.5439045
2.5439045
2.5439045
2.5439045
13
13
13
13
2.5439045
2.5439045
2.5439045
2.5439045
2.5439045
2.5439045
2.5439045
2.5439045
2.5439045
2.5439045
2.5439045
2.5439045
2.5439045
2.5439045
2.5439045
2.5439045
2.5439045
2.5439045
2.5439045
2.5439045
2.5439045
2.5439045
2.5439045
2.5439045
2.5439045
2.5439045
2.5439045
2.5439045
2.5439045
2.5439045
2.5439045
13
13
13
13
2.5439045
2.5439045
2.5439045
2.5439045
2.5439045
2.5439045
2.5439045
2.5439045
2.5439045
2.5439045
2.5439045
2.5439045
2.5439045
2.5439045
2.5439045
2.5439045
2.5439045
2.5439045
2.5439045
2.5439045
2.5439045
2.5439045
2.5439045
2.5439045
2.5439045
2.5439045
2.5439045
2.5439045
2.5439045
2.5439045
2.5439045
13
13
13
13
2.5439045
2.5439045
2.5439045
2.5439045
2.5439045
2.5439045
2.5439045
2.5439045
2.5439045
2.5439045
2.5439045
2.5439045
2.5439045
2.5439045
2.5439045
2.5439045
2.5439045
2.5439045
2.5439045
2.5439045
2.5439045
2.5439045
2.5439045
2.5439045
2.5439045
2.5439045
2.5439045
2.5439045
2.5439045
2.5439045
2.5439045
13
13
13
13
2.5439045
2.5439045
2.5439045
2.5439045
2.5439045
2.5439045
2.5439045
2.5439045
2.5439045
2.5439045
2.5439045
2.5439045
2.5439045
2.5439045
2.5439045
2.5439045
2.5439045
2.5439045
2.5439045
2.5439045
2.5439045
2.5439045
2.5439045
2.5439045
2.5439045
2.5439045
2.5439045
2.5439045
2.5439045
2.5439045
2.5439045
13
13
13
13
2.5439045
2.5439045
2.5439045
2.5439045
2.5439045
2.5439045
2.5439045
2.5439045
2.5439045
2.5439045
2.5439045
2.5439045
2.5439045
2.5439045
2.5439045
2.5439045
2.5439045
2.5439045
2.5439045
2.5439045
2.5439045
2.5439045
2.5439045
2.5439045
2.5439045
2.5439045
2.5439045
2.5439045
2.5439045
2.5439045
2.5439045
13
13
13
13
2.5439045
2.5439045
2.5439045
2.5439045
2.5439045
2.5439045
2.5439045
2.5439045
2.5439045
2.5439045
2.5439045
2.5439045
2.5439045
2.5439045
2.5439045
2.5439045
2.5439045
2.5439045
2.5439045
2.5439045
2.5439045
2.5439045
2.5439045
2.5439045
2.5439045
2.5439045
2.5439045
2.5439045
2.5439045
2.5439045
2.5439045
13
13
13
13
2.5439045
2.5439045
2.5439045
2.5439045
2.5439045
2.5439045
2.5439045
2.5439045
2.5439045
2.5439045
2.5439045
2.5439045
2.5439045
2.5439045
2.5439045
2.5439045
2.5439045
2.5439045
2.5439045
2.5439045
2.5439045
2.5439045
2.5439045
2.5439045
2.5439045
2.5439045
2.5439045
2.5439045
2.5439045
2.5439045
2.5439045
13
13
13
13
2.5439045
2.5439045
2.5439045
2.5439045
2.5439045
2.5439045
2.5439045
2.5439045
2.5439045
2.5439045
2.5439045
2.5439045
2.5439045
2.5439045
2.5439045
2.5439045
2.5439045
2.5439045
2.5439045
2.5439045
2.5439045
2.5439045
2.5439045
2.5439045
2.5439045
2.5439045
2.5439045
2.5439045
2.5439045
2.5439045
2.5439045
13
13
13
13
2.5439045
2.5439045
2.5439045
2.5439045
2.5439045
2.5439045
2.5439045
2.5439045
2.5439045
2.5439045
2.5439045
2.5439045
2.5439045
2.5439045
2.5439045
2.5439045
2.5439045
2.5439045
2.5439045
2.5439045
2.5439045
2.5439045
2.5439045
2.5439045
2.5439045
2.5439045
2.5439045
2.5439045
2.5439045
2.5439045
2.5439045
13
13
13
13
2.5439045
2.5439045
2.5439045
2.5439045
2.5439045
2.5439045
2.5439045
2.5439045
2.5439045
2.5439045
2.5439045
2.5439045
2.5439045
2.5439045
2.5439045
2.5439045
2.5439045
2.5439045
2.5439045
2.5439045
2.5439045
2.5439045
2.5439045
2.5439045
2.5439045
2.5439045
2.5439045
2.5439045
2.5439045
2.5439045
2.5439045
13
13
13
13
2.5439045
2.5439045
2.5439045
2.5439045
2.5439045
2.5439045
2.5439045
2.5439045
2.5439045
2.5439045
2.5439045
2.5439045
2.5439045
2.5439045
2.5439045
2.5439045
2.5439045
2.5439045
2.5439045
2.5439045
2.5439045
2.5439045
2.5439045
2.5439045
2.5439045
2.5439045
2.5439045
2.5439045
2.5439045
2.5439045
2.5439045
13
13
13
13
2.5439045
2.5439045
2.5439045
2.5439045
2.5439045
2.5439045
2.5439045
2.5439045
2.5439045
2.5439045
2.5439045
2.5439045
2.5439045
2.5439045
2.5439045
2.5439045
2.5439045
2.5439045
2.5439045
2.5439045
2.5439045
2.5439045
2.5439045
2.5439045
2.5439045
2.5439045
2.5439045
2.5439045
2.5439045
2.5439045
2.5439045
13
13
13
13
2.5439045
2.5439045
2.5439045
2.5439045
2.5439045
2.5439045
2.5439045
2.5439045
2.5439045
2.5439045
2.5439045
2.5439045
2.5439045
2.5439045
2.5439045
2.5439045
2.5439045
2.5439045
2.5439045
2.5439045
2.5439045
2.5439045
2.5439045
2.5439045
2.5439045
2.5439045
2.5439045
2.5439045
2.5439045
2.5439045
2.5439045
13
13
13
13
2.5439045
2.5439045
2.5439045
2.5439045
2.5439045
2.5439045
2.5439045
2.5439045
2.5439045
2.5439045
2.5439045
2.5439045
2.5439045
2.5439045
2.5439045
2.5439045
2.5439045
2.5439045
2.5439045
2.5439045
2.5439045
2.5439045
2.5439045
2.5439045
2.5439045
2.5439045
2.5439045
2.5439045
2.5439045
2.5439045
2.5439045
13
13
13
13
2.5439045
2.5439045
2.5439045
2.5439045
2.5439045
2.5439045
2.5439045
2.5439045
2.5439045
2.5439045
2.5439045
2.5439045
2.5439045
2.5439045
2.5439045
2.5439045
2.5439045
2.5439045
2.5439045
2.5439045
2.5439045
2.5439045
2.5439045
2.5439045
2.5439045
2.5439045
2.5439045
2.5439045
2.5439045
2.5439045
2.5439045
13
13
13
13
2.5439045
2.5439045
2.5439045
2.5439045
2.5439045
2.5439045
2.5439045
2.5439045
2.5439045
2.5439045
2.5439045
2.5439045
2.5439045
2.5439045
2.5439045
2.5439045
2.5439045
2.5439045
2.5439045
2.5439045
2.5439045
2.5439045
2.5439045
2.5439045
2.5439045
2.5439045
2.5439045
2.5439045
2.5439045
2.5439045
2.5439045
13
13
13
13
2.5439045
2.5439045
2.5439045
2.5439045
2.5439045
2.5439045
2.5439045
2.5439045
2.5439045
2.5439045
2.5439045
2.5439045
2.5439045
2.5439045
2.5439045
2.5439045
2.5439045
2.5439045
2.5439045
2.5439045
2.5439045
2.5439045
2.5439045
2.5439045
2.5439045
2.5439045
2.5439045
2.5439045
2.5439045
2.5439045
2.5439045
13
13
13
13
2.5439045
2.5439045
2.5439045
2.5439045
2.5439045
2.5439045
2.5439045
2.5439045
2.5439045
2.5439045
2.5439045
2.5439045
2.5439045
2.5439045
2.5439045
2.5439045
2.5439045
2.5439045
2.5439045
2.5439045
2.5439045
2.5439045
2.5439045
2.5439045
2.5439045
2.5439045
2.5439045
2.5439045
2.5439045
2.5439045
2.5439045
13
13
13
13
2.5439045
2.5439045
2.5439045
2.5439045
2.5439045
2.5439045
2.5439045
2.5439045
2.5439045
2.5439045
2.5439045
2.5439045
2.5439045
2.5439045
2.5439045
2.5439045
2.5439045
2.5439045
2.5439045
2.5439045
2.5439045
2.5439045
2.5439045
2.5439045
2.5439045
2.5439045
2.5439045
2.5439045
2.5439045
2.5439045
2.5439045
13
13
13
13
2.5439045
2.5439045
2.5439045
2.5439045
2.5439045
2.5439045
2.5439045
2.5439045
2.5439045
2.5439045
2.5439045
2.5439045
2.5439045
2.5439045
2.5439045
2.5439045
2.5439045
2.5439045
2.5439045
2.5439045
2.5439045
2.5439045
2.5439045
2.5439045
2.5439045
2.5439045
2.5439045
2.5439045
2.5439045
2.5439045
2.5439045
13
13
13
13
2.5439045
2.5439045
2.5439045
2.5439045
2.5439045
2.5439045
2.5439045
2.5439045
2.5439045
2.5439045
2.5439045
2.5439045
2.5439045
2.5439045
2.5439045
2.5439045
2.5439045
2.5439045
2.5439045
2.5439045
2.5439045
2.5439045
2.5439045
2.5439045
2.5439045
2.5439045
2.5439045
2.5439045
2.5439045
2.5439045
2.5439045
13
13
13
13
2.5439045
2.5439045
2.5439045
2.5439045
2.5439045
2.5439045
2.5439045
2.5439045
2.5439045
2.5439045
2.5439045
2.5439045
2.5439045
2.5439045
2.5439045
2.5439045
2.5439045
2.5439045
2.5439045
2.5439045
2.5439045
2.5439045
2.5439045
2.5439045
2.5439045
2.5439045
2.5439045
2.5439045
2.5439045
2.5439045
2.5439045
13
13
13
13
2.5439045
2.5439045
2.5439045
2.5439045
2.5439045
2.5439045
2.5439045
2.5439045
2.5439045
2.5439045
2.5439045
2.5439045
2.5439045
2.5439045
2.5439045
2.5439045
2.5439045
2.5439045
2.5439045
2.5439045
2.5439045
2.5439045
2.5439045
2.5439045
2.5439045
2.5439045
2.5439045
2.5439045
2.5439045
2.5439045
2.5439045
13
13
13
13
13
13
13
13
13
13
13
13
13
13
13
13
13
13
13
13
13
13
13
13
13
13
13
13
13
13
13
13
13
13
13
13
13
13
13
13
13
13
13
13
13
13
13
13
13
13
13
13
13
13
13
13
13
13
13
13
13
13
13
13
13
13
13
13
13
13
13
13

/

crown	radius	in	the	y-direction.
&indivrady
nodates = 1
values = 13
13
13
13
13
13
13
13
13
13
13
13
13
13
13
13
13
13
13
13
13
13
13
13
13
13
13
13
13
13
13
13
13
13
13
13
13
13
13
13
13
13
13
13
13
13
13
13
13
13
13
13
13
13
13
13
13
13
13
13
13
13
13
13
13
13
13
13
13
13
13
13
2.5439045
2.5439045
2.5439045
2.5439045
2.5439045
2.5439045
2.5439045
2.5439045
2.5439045
2.5439045
2.5439045
2.5439045
2.5439045
2.5439045
2.5439045
2.5439045
2.5439045
2.5439045
2.5439045
2.5439045
2.5439045
2.5439045
2.5439045
2.5439045
2.5439045
2.5439045
2.5439045
2.5439045
2.5439045
2.5439045
2.5439045
13
13
13
13
2.5439045
2.5439045
2.5439045
2.5439045
2.5439045
2.5439045
2.5439045
2.5439045
2.5439045
2.5439045
2.5439045
2.5439045
2.5439045
2.5439045
2.5439045
2.5439045
2.5439045
2.5439045
2.5439045
2.5439045
2.5439045
2.5439045
2.5439045
2.5439045
2.5439045
2.5439045
2.5439045
2.5439045
2.5439045
2.5439045
2.5439045
13
13
13
13
2.5439045
2.5439045
2.5439045
2.5439045
2.5439045
2.5439045
2.5439045
2.5439045
2.5439045
2.5439045
2.5439045
2.5439045
2.5439045
2.5439045
2.5439045
2.5439045
2.5439045
2.5439045
2.5439045
2.5439045
2.5439045
2.5439045
2.5439045
2.5439045
2.5439045
2.5439045
2.5439045
2.5439045
2.5439045
2.5439045
2.5439045
13
13
13
13
2.5439045
2.5439045
2.5439045
2.5439045
2.5439045
2.5439045
2.5439045
2.5439045
2.5439045
2.5439045
2.5439045
2.5439045
2.5439045
2.5439045
2.5439045
2.5439045
2.5439045
2.5439045
2.5439045
2.5439045
2.5439045
2.5439045
2.5439045
2.5439045
2.5439045
2.5439045
2.5439045
2.5439045
2.5439045
2.5439045
2.5439045
13
13
13
13
2.5439045
2.5439045
2.5439045
2.5439045
2.5439045
2.5439045
2.5439045
2.5439045
2.5439045
2.5439045
2.5439045
2.5439045
2.5439045
2.5439045
2.5439045
2.5439045
2.5439045
2.5439045
2.5439045
2.5439045
2.5439045
2.5439045
2.5439045
2.5439045
2.5439045
2.5439045
2.5439045
2.5439045
2.5439045
2.5439045
2.5439045
13
13
13
13
2.5439045
2.5439045
2.5439045
2.5439045
2.5439045
2.5439045
2.5439045
2.5439045
2.5439045
2.5439045
2.5439045
2.5439045
2.5439045
2.5439045
2.5439045
2.5439045
2.5439045
2.5439045
2.5439045
2.5439045
2.5439045
2.5439045
2.5439045
2.5439045
2.5439045
2.5439045
2.5439045
2.5439045
2.5439045
2.5439045
2.5439045
13
13
13
13
2.5439045
2.5439045
2.5439045
2.5439045
2.5439045
2.5439045
2.5439045
2.5439045
2.5439045
2.5439045
2.5439045
2.5439045
2.5439045
2.5439045
2.5439045
2.5439045
2.5439045
2.5439045
2.5439045
2.5439045
2.5439045
2.5439045
2.5439045
2.5439045
2.5439045
2.5439045
2.5439045
2.5439045
2.5439045
2.5439045
2.5439045
13
13
13
13
2.5439045
2.5439045
2.5439045
2.5439045
2.5439045
2.5439045
2.5439045
2.5439045
2.5439045
2.5439045
2.5439045
2.5439045
2.5439045
2.5439045
2.5439045
2.5439045
2.5439045
2.5439045
2.5439045
2.5439045
2.5439045
2.5439045
2.5439045
2.5439045
2.5439045
2.5439045
2.5439045
2.5439045
2.5439045
2.5439045
2.5439045
13
13
13
13
2.5439045
2.5439045
2.5439045
2.5439045
2.5439045
2.5439045
2.5439045
2.5439045
2.5439045
2.5439045
2.5439045
2.5439045
2.5439045
2.5439045
2.5439045
2.5439045
2.5439045
2.5439045
2.5439045
2.5439045
2.5439045
2.5439045
2.5439045
2.5439045
2.5439045
2.5439045
2.5439045
2.5439045
2.5439045
2.5439045
2.5439045
13
13
13
13
2.5439045
2.5439045
2.5439045
2.5439045
2.5439045
2.5439045
2.5439045
2.5439045
2.5439045
2.5439045
2.5439045
2.5439045
2.5439045
2.5439045
2.5439045
2.5439045
2.5439045
2.5439045
2.5439045
2.5439045
2.5439045
2.5439045
2.5439045
2.5439045
2.5439045
2.5439045
2.5439045
2.5439045
2.5439045
2.5439045
2.5439045
13
13
13
13
2.5439045
2.5439045
2.5439045
2.5439045
2.5439045
2.5439045
2.5439045
2.5439045
2.5439045
2.5439045
2.5439045
2.5439045
2.5439045
2.5439045
2.5439045
2.5439045
2.5439045
2.5439045
2.5439045
2.5439045
2.5439045
2.5439045
2.5439045
2.5439045
2.5439045
2.5439045
2.5439045
2.5439045
2.5439045
2.5439045
2.5439045
13
13
13
13
2.5439045
2.5439045
2.5439045
2.5439045
2.5439045
2.5439045
2.5439045
2.5439045
2.5439045
2.5439045
2.5439045
2.5439045
2.5439045
2.5439045
2.5439045
2.5439045
2.5439045
2.5439045
2.5439045
2.5439045
2.5439045
2.5439045
2.5439045
2.5439045
2.5439045
2.5439045
2.5439045
2.5439045
2.5439045
2.5439045
2.5439045
13
13
13
13
2.5439045
2.5439045
2.5439045
2.5439045
2.5439045
2.5439045
2.5439045
2.5439045
2.5439045
2.5439045
2.5439045
2.5439045
2.5439045
2.5439045
2.5439045
2.5439045
2.5439045
2.5439045
2.5439045
2.5439045
2.5439045
2.5439045
2.5439045
2.5439045
2.5439045
2.5439045
2.5439045
2.5439045
2.5439045
2.5439045
2.5439045
13
13
13
13
2.5439045
2.5439045
2.5439045
2.5439045
2.5439045
2.5439045
2.5439045
2.5439045
2.5439045
2.5439045
2.5439045
2.5439045
2.5439045
2.5439045
2.5439045
2.5439045
2.5439045
2.5439045
2.5439045
2.5439045
2.5439045
2.5439045
2.5439045
2.5439045
2.5439045
2.5439045
2.5439045
2.5439045
2.5439045
2.5439045
2.5439045
13
13
13
13
2.5439045
2.5439045
2.5439045
2.5439045
2.5439045
2.5439045
2.5439045
2.5439045
2.5439045
2.5439045
2.5439045
2.5439045
2.5439045
2.5439045
2.5439045
2.5439045
2.5439045
2.5439045
2.5439045
2.5439045
2.5439045
2.5439045
2.5439045
2.5439045
2.5439045
2.5439045
2.5439045
2.5439045
2.5439045
2.5439045
2.5439045
13
13
13
13
2.5439045
2.5439045
2.5439045
2.5439045
2.5439045
2.5439045
2.5439045
2.5439045
2.5439045
2.5439045
2.5439045
2.5439045
2.5439045
2.5439045
2.5439045
2.5439045
2.5439045
2.5439045
2.5439045
2.5439045
2.5439045
2.5439045
2.5439045
2.5439045
2.5439045
2.5439045
2.5439045
2.5439045
2.5439045
2.5439045
2.5439045
13
13
13
13
2.5439045
2.5439045
2.5439045
2.5439045
2.5439045
2.5439045
2.5439045
2.5439045
2.5439045
2.5439045
2.5439045
2.5439045
2.5439045
2.5439045
2.5439045
2.5439045
2.5439045
2.5439045
2.5439045
2.5439045
2.5439045
2.5439045
2.5439045
2.5439045
2.5439045
2.5439045
2.5439045
2.5439045
2.5439045
2.5439045
2.5439045
13
13
13
13
2.5439045
2.5439045
2.5439045
2.5439045
2.5439045
2.5439045
2.5439045
2.5439045
2.5439045
2.5439045
2.5439045
2.5439045
2.5439045
2.5439045
2.5439045
2.5439045
2.5439045
2.5439045
2.5439045
2.5439045
2.5439045
2.5439045
2.5439045
2.5439045
2.5439045
2.5439045
2.5439045
2.5439045
2.5439045
2.5439045
2.5439045
13
13
13
13
2.5439045
2.5439045
2.5439045
2.5439045
2.5439045
2.5439045
2.5439045
2.5439045
2.5439045
2.5439045
2.5439045
2.5439045
2.5439045
2.5439045
2.5439045
2.5439045
2.5439045
2.5439045
2.5439045
2.5439045
2.5439045
2.5439045
2.5439045
2.5439045
2.5439045
2.5439045
2.5439045
2.5439045
2.5439045
2.5439045
2.5439045
13
13
13
13
2.5439045
2.5439045
2.5439045
2.5439045
2.5439045
2.5439045
2.5439045
2.5439045
2.5439045
2.5439045
2.5439045
2.5439045
2.5439045
2.5439045
2.5439045
2.5439045
2.5439045
2.5439045
2.5439045
2.5439045
2.5439045
2.5439045
2.5439045
2.5439045
2.5439045
2.5439045
2.5439045
2.5439045
2.5439045
2.5439045
2.5439045
13
13
13
13
2.5439045
2.5439045
2.5439045
2.5439045
2.5439045
2.5439045
2.5439045
2.5439045
2.5439045
2.5439045
2.5439045
2.5439045
2.5439045
2.5439045
2.5439045
2.5439045
2.5439045
2.5439045
2.5439045
2.5439045
2.5439045
2.5439045
2.5439045
2.5439045
2.5439045
2.5439045
2.5439045
2.5439045
2.5439045
2.5439045
2.5439045
13
13
13
13
2.5439045
2.5439045
2.5439045
2.5439045
2.5439045
2.5439045
2.5439045
2.5439045
2.5439045
2.5439045
2.5439045
2.5439045
2.5439045
2.5439045
2.5439045
2.5439045
2.5439045
2.5439045
2.5439045
2.5439045
2.5439045
2.5439045
2.5439045
2.5439045
2.5439045
2.5439045
2.5439045
2.5439045
2.5439045
2.5439045
2.5439045
13
13
13
13
2.5439045
2.5439045
2.5439045
2.5439045
2.5439045
2.5439045
2.5439045
2.5439045
2.5439045
2.5439045
2.5439045
2.5439045
2.5439045
2.5439045
2.5439045
2.5439045
2.5439045
2.5439045
2.5439045
2.5439045
2.5439045
2.5439045
2.5439045
2.5439045
2.5439045
2.5439045
2.5439045
2.5439045
2.5439045
2.5439045
2.5439045
13
13
13
13
2.5439045
2.5439045
2.5439045
2.5439045
2.5439045
2.5439045
2.5439045
2.5439045
2.5439045
2.5439045
2.5439045
2.5439045
2.5439045
2.5439045
2.5439045
2.5439045
2.5439045
2.5439045
2.5439045
2.5439045
2.5439045
2.5439045
2.5439045
2.5439045
2.5439045
2.5439045
2.5439045
2.5439045
2.5439045
2.5439045
2.5439045
13
13
13
13
2.5439045
2.5439045
2.5439045
2.5439045
2.5439045
2.5439045
2.5439045
2.5439045
2.5439045
2.5439045
2.5439045
2.5439045
2.5439045
2.5439045
2.5439045
2.5439045
2.5439045
2.5439045
2.5439045
2.5439045
2.5439045
2.5439045
2.5439045
2.5439045
2.5439045
2.5439045
2.5439045
2.5439045
2.5439045
2.5439045
2.5439045
13
13
13
13
2.5439045
2.5439045
2.5439045
2.5439045
2.5439045
2.5439045
2.5439045
2.5439045
2.5439045
2.5439045
2.5439045
2.5439045
2.5439045
2.5439045
2.5439045
2.5439045
2.5439045
2.5439045
2.5439045
2.5439045
2.5439045
2.5439045
2.5439045
2.5439045
2.5439045
2.5439045
2.5439045
2.5439045
2.5439045
2.5439045
2.5439045
13
13
13
13
2.5439045
2.5439045
2.5439045
2.5439045
2.5439045
2.5439045
2.5439045
2.5439045
2.5439045
2.5439045
2.5439045
2.5439045
2.5439045
2.5439045
2.5439045
2.5439045
2.5439045
2.5439045
2.5439045
2.5439045
2.5439045
2.5439045
2.5439045
2.5439045
2.5439045
2.5439045
2.5439045
2.5439045
2.5439045
2.5439045
2.5439045
13
13
13
13
2.5439045
2.5439045
2.5439045
2.5439045
2.5439045
2.5439045
2.5439045
2.5439045
2.5439045
2.5439045
2.5439045
2.5439045
2.5439045
2.5439045
2.5439045
2.5439045
2.5439045
2.5439045
2.5439045
2.5439045
2.5439045
2.5439045
2.5439045
2.5439045
2.5439045
2.5439045
2.5439045
2.5439045
2.5439045
2.5439045
2.5439045
13
13
13
13
2.5439045
2.5439045
2.5439045
2.5439045
2.5439045
2.5439045
2.5439045
2.5439045
2.5439045
2.5439045
2.5439045
2.5439045
2.5439045
2.5439045
2.5439045
2.5439045
2.5439045
2.5439045
2.5439045
2.5439045
2.5439045
2.5439045
2.5439045
2.5439045
2.5439045
2.5439045
2.5439045
2.5439045
2.5439045
2.5439045
2.5439045
13
13
13
13
2.5439045
2.5439045
2.5439045
2.5439045
2.5439045
2.5439045
2.5439045
2.5439045
2.5439045
2.5439045
2.5439045
2.5439045
2.5439045
2.5439045
2.5439045
2.5439045
2.5439045
2.5439045
2.5439045
2.5439045
2.5439045
2.5439045
2.5439045
2.5439045
2.5439045
2.5439045
2.5439045
2.5439045
2.5439045
2.5439045
2.5439045
13
13
13
13
2.5439045
2.5439045
2.5439045
2.5439045
2.5439045
2.5439045
2.5439045
2.5439045
2.5439045
2.5439045
2.5439045
2.5439045
2.5439045
2.5439045
2.5439045
2.5439045
2.5439045
2.5439045
2.5439045
2.5439045
2.5439045
2.5439045
2.5439045
2.5439045
2.5439045
2.5439045
2.5439045
2.5439045
2.5439045
2.5439045
2.5439045
13
13
13
13
13
13
13
13
13
13
13
13
13
13
13
13
13
13
13
13
13
13
13
13
13
13
13
13
13
13
13
13
13
13
13
13
13
13
13
13
13
13
13
13
13
13
13
13
13
13
13
13
13
13
13
13
13
13
13
13
13
13
13
13
13
13
13
13
13
13
13
13

/

crown	height	for	each	tree.
&indivhtcrown
nodates = 1
values = 21.359762
21.359762
21.359762
21.359762
21.359762
21.359762
21.359762
21.359762
21.359762
21.359762
21.359762
21.359762
21.359762
21.359762
21.359762
21.359762
21.359762
21.359762
21.359762
21.359762
21.359762
21.359762
21.359762
21.359762
21.359762
21.359762
21.359762
21.359762
21.359762
21.359762
21.359762
21.359762
21.359762
21.359762
21.359762
21.359762
21.359762
21.359762
21.359762
21.359762
21.359762
21.359762
21.359762
21.359762
21.359762
21.359762
21.359762
21.359762
21.359762
21.359762
21.359762
21.359762
21.359762
21.359762
21.359762
21.359762
21.359762
21.359762
21.359762
21.359762
21.359762
21.359762
21.359762
21.359762
21.359762
21.359762
21.359762
21.359762
21.359762
21.359762
21.359762
21.359762
6.359762
6.359762
6.359762
6.359762
6.359762
6.359762
6.359762
6.359762
6.359762
6.359762
6.359762
6.359762
6.359762
6.359762
6.359762
6.359762
6.359762
6.359762
6.359762
6.359762
6.359762
6.359762
6.359762
6.359762
6.359762
6.359762
6.359762
6.359762
6.359762
6.359762
6.359762
21.359762
21.359762
21.359762
21.359762
6.359762
6.359762
6.359762
6.359762
6.359762
6.359762
6.359762
6.359762
6.359762
6.359762
6.359762
6.359762
6.359762
6.359762
6.359762
6.359762
6.359762
6.359762
6.359762
6.359762
6.359762
6.359762
6.359762
6.359762
6.359762
6.359762
6.359762
6.359762
6.359762
6.359762
6.359762
21.359762
21.359762
21.359762
21.359762
6.359762
6.359762
6.359762
6.359762
6.359762
6.359762
6.359762
6.359762
6.359762
6.359762
6.359762
6.359762
6.359762
6.359762
6.359762
6.359762
6.359762
6.359762
6.359762
6.359762
6.359762
6.359762
6.359762
6.359762
6.359762
6.359762
6.359762
6.359762
6.359762
6.359762
6.359762
21.359762
21.359762
21.359762
21.359762
6.359762
6.359762
6.359762
6.359762
6.359762
6.359762
6.359762
6.359762
6.359762
6.359762
6.359762
6.359762
6.359762
6.359762
6.359762
6.359762
6.359762
6.359762
6.359762
6.359762
6.359762
6.359762
6.359762
6.359762
6.359762
6.359762
6.359762
6.359762
6.359762
6.359762
6.359762
21.359762
21.359762
21.359762
21.359762
6.359762
6.359762
6.359762
6.359762
6.359762
6.359762
6.359762
6.359762
6.359762
6.359762
6.359762
6.359762
6.359762
6.359762
6.359762
6.359762
6.359762
6.359762
6.359762
6.359762
6.359762
6.359762
6.359762
6.359762
6.359762
6.359762
6.359762
6.359762
6.359762
6.359762
6.359762
21.359762
21.359762
21.359762
21.359762
6.359762
6.359762
6.359762
6.359762
6.359762
6.359762
6.359762
6.359762
6.359762
6.359762
6.359762
6.359762
6.359762
6.359762
6.359762
6.359762
6.359762
6.359762
6.359762
6.359762
6.359762
6.359762
6.359762
6.359762
6.359762
6.359762
6.359762
6.359762
6.359762
6.359762
6.359762
21.359762
21.359762
21.359762
21.359762
6.359762
6.359762
6.359762
6.359762
6.359762
6.359762
6.359762
6.359762
6.359762
6.359762
6.359762
6.359762
6.359762
6.359762
6.359762
6.359762
6.359762
6.359762
6.359762
6.359762
6.359762
6.359762
6.359762
6.359762
6.359762
6.359762
6.359762
6.359762
6.359762
6.359762
6.359762
21.359762
21.359762
21.359762
21.359762
6.359762
6.359762
6.359762
6.359762
6.359762
6.359762
6.359762
6.359762
6.359762
6.359762
6.359762
6.359762
6.359762
6.359762
6.359762
6.359762
6.359762
6.359762
6.359762
6.359762
6.359762
6.359762
6.359762
6.359762
6.359762
6.359762
6.359762
6.359762
6.359762
6.359762
6.359762
21.359762
21.359762
21.359762
21.359762
6.359762
6.359762
6.359762
6.359762
6.359762
6.359762
6.359762
6.359762
6.359762
6.359762
6.359762
6.359762
6.359762
6.359762
6.359762
6.359762
6.359762
6.359762
6.359762
6.359762
6.359762
6.359762
6.359762
6.359762
6.359762
6.359762
6.359762
6.359762
6.359762
6.359762
6.359762
21.359762
21.359762
21.359762
21.359762
6.359762
6.359762
6.359762
6.359762
6.359762
6.359762
6.359762
6.359762
6.359762
6.359762
6.359762
6.359762
6.359762
6.359762
6.359762
6.359762
6.359762
6.359762
6.359762
6.359762
6.359762
6.359762
6.359762
6.359762
6.359762
6.359762
6.359762
6.359762
6.359762
6.359762
6.359762
21.359762
21.359762
21.359762
21.359762
6.359762
6.359762
6.359762
6.359762
6.359762
6.359762
6.359762
6.359762
6.359762
6.359762
6.359762
6.359762
6.359762
6.359762
6.359762
6.359762
6.359762
6.359762
6.359762
6.359762
6.359762
6.359762
6.359762
6.359762
6.359762
6.359762
6.359762
6.359762
6.359762
6.359762
6.359762
21.359762
21.359762
21.359762
21.359762
6.359762
6.359762
6.359762
6.359762
6.359762
6.359762
6.359762
6.359762
6.359762
6.359762
6.359762
6.359762
6.359762
6.359762
6.359762
6.359762
6.359762
6.359762
6.359762
6.359762
6.359762
6.359762
6.359762
6.359762
6.359762
6.359762
6.359762
6.359762
6.359762
6.359762
6.359762
21.359762
21.359762
21.359762
21.359762
6.359762
6.359762
6.359762
6.359762
6.359762
6.359762
6.359762
6.359762
6.359762
6.359762
6.359762
6.359762
6.359762
6.359762
6.359762
6.359762
6.359762
6.359762
6.359762
6.359762
6.359762
6.359762
6.359762
6.359762
6.359762
6.359762
6.359762
6.359762
6.359762
6.359762
6.359762
21.359762
21.359762
21.359762
21.359762
6.359762
6.359762
6.359762
6.359762
6.359762
6.359762
6.359762
6.359762
6.359762
6.359762
6.359762
6.359762
6.359762
6.359762
6.359762
6.359762
6.359762
6.359762
6.359762
6.359762
6.359762
6.359762
6.359762
6.359762
6.359762
6.359762
6.359762
6.359762
6.359762
6.359762
6.359762
21.359762
21.359762
21.359762
21.359762
6.359762
6.359762
6.359762
6.359762
6.359762
6.359762
6.359762
6.359762
6.359762
6.359762
6.359762
6.359762
6.359762
6.359762
6.359762
6.359762
6.359762
6.359762
6.359762
6.359762
6.359762
6.359762
6.359762
6.359762
6.359762
6.359762
6.359762
6.359762
6.359762
6.359762
6.359762
21.359762
21.359762
21.359762
21.359762
6.359762
6.359762
6.359762
6.359762
6.359762
6.359762
6.359762
6.359762
6.359762
6.359762
6.359762
6.359762
6.359762
6.359762
6.359762
6.359762
6.359762
6.359762
6.359762
6.359762
6.359762
6.359762
6.359762
6.359762
6.359762
6.359762
6.359762
6.359762
6.359762
6.359762
6.359762
21.359762
21.359762
21.359762
21.359762
6.359762
6.359762
6.359762
6.359762
6.359762
6.359762
6.359762
6.359762
6.359762
6.359762
6.359762
6.359762
6.359762
6.359762
6.359762
6.359762
6.359762
6.359762
6.359762
6.359762
6.359762
6.359762
6.359762
6.359762
6.359762
6.359762
6.359762
6.359762
6.359762
6.359762
6.359762
21.359762
21.359762
21.359762
21.359762
6.359762
6.359762
6.359762
6.359762
6.359762
6.359762
6.359762
6.359762
6.359762
6.359762
6.359762
6.359762
6.359762
6.359762
6.359762
6.359762
6.359762
6.359762
6.359762
6.359762
6.359762
6.359762
6.359762
6.359762
6.359762
6.359762
6.359762
6.359762
6.359762
6.359762
6.359762
21.359762
21.359762
21.359762
21.359762
6.359762
6.359762
6.359762
6.359762
6.359762
6.359762
6.359762
6.359762
6.359762
6.359762
6.359762
6.359762
6.359762
6.359762
6.359762
6.359762
6.359762
6.359762
6.359762
6.359762
6.359762
6.359762
6.359762
6.359762
6.359762
6.359762
6.359762
6.359762
6.359762
6.359762
6.359762
21.359762
21.359762
21.359762
21.359762
6.359762
6.359762
6.359762
6.359762
6.359762
6.359762
6.359762
6.359762
6.359762
6.359762
6.359762
6.359762
6.359762
6.359762
6.359762
6.359762
6.359762
6.359762
6.359762
6.359762
6.359762
6.359762
6.359762
6.359762
6.359762
6.359762
6.359762
6.359762
6.359762
6.359762
6.359762
21.359762
21.359762
21.359762
21.359762
6.359762
6.359762
6.359762
6.359762
6.359762
6.359762
6.359762
6.359762
6.359762
6.359762
6.359762
6.359762
6.359762
6.359762
6.359762
6.359762
6.359762
6.359762
6.359762
6.359762
6.359762
6.359762
6.359762
6.359762
6.359762
6.359762
6.359762
6.359762
6.359762
6.359762
6.359762
21.359762
21.359762
21.359762
21.359762
6.359762
6.359762
6.359762
6.359762
6.359762
6.359762
6.359762
6.359762
6.359762
6.359762
6.359762
6.359762
6.359762
6.359762
6.359762
6.359762
6.359762
6.359762
6.359762
6.359762
6.359762
6.359762
6.359762
6.359762
6.359762
6.359762
6.359762
6.359762
6.359762
6.359762
6.359762
21.359762
21.359762
21.359762
21.359762
6.359762
6.359762
6.359762
6.359762
6.359762
6.359762
6.359762
6.359762
6.359762
6.359762
6.359762
6.359762
6.359762
6.359762
6.359762
6.359762
6.359762
6.359762
6.359762
6.359762
6.359762
6.359762
6.359762
6.359762
6.359762
6.359762
6.359762
6.359762
6.359762
6.359762
6.359762
21.359762
21.359762
21.359762
21.359762
6.359762
6.359762
6.359762
6.359762
6.359762
6.359762
6.359762
6.359762
6.359762
6.359762
6.359762
6.359762
6.359762
6.359762
6.359762
6.359762
6.359762
6.359762
6.359762
6.359762
6.359762
6.359762
6.359762
6.359762
6.359762
6.359762
6.359762
6.359762
6.359762
6.359762
6.359762
21.359762
21.359762
21.359762
21.359762
6.359762
6.359762
6.359762
6.359762
6.359762
6.359762
6.359762
6.359762
6.359762
6.359762
6.359762
6.359762
6.359762
6.359762
6.359762
6.359762
6.359762
6.359762
6.359762
6.359762
6.359762
6.359762
6.359762
6.359762
6.359762
6.359762
6.359762
6.359762
6.359762
6.359762
6.359762
21.359762
21.359762
21.359762
21.359762
6.359762
6.359762
6.359762
6.359762
6.359762
6.359762
6.359762
6.359762
6.359762
6.359762
6.359762
6.359762
6.359762
6.359762
6.359762
6.359762
6.359762
6.359762
6.359762
6.359762
6.359762
6.359762
6.359762
6.359762
6.359762
6.359762
6.359762
6.359762
6.359762
6.359762
6.359762
21.359762
21.359762
21.359762
21.359762
6.359762
6.359762
6.359762
6.359762
6.359762
6.359762
6.359762
6.359762
6.359762
6.359762
6.359762
6.359762
6.359762
6.359762
6.359762
6.359762
6.359762
6.359762
6.359762
6.359762
6.359762
6.359762
6.359762
6.359762
6.359762
6.359762
6.359762
6.359762
6.359762
6.359762
6.359762
21.359762
21.359762
21.359762
21.359762
6.359762
6.359762
6.359762
6.359762
6.359762
6.359762
6.359762
6.359762
6.359762
6.359762
6.359762
6.359762
6.359762
6.359762
6.359762
6.359762
6.359762
6.359762
6.359762
6.359762
6.359762
6.359762
6.359762
6.359762
6.359762
6.359762
6.359762
6.359762
6.359762
6.359762
6.359762
21.359762
21.359762
21.359762
21.359762
6.359762
6.359762
6.359762
6.359762
6.359762
6.359762
6.359762
6.359762
6.359762
6.359762
6.359762
6.359762
6.359762
6.359762
6.359762
6.359762
6.359762
6.359762
6.359762
6.359762
6.359762
6.359762
6.359762
6.359762
6.359762
6.359762
6.359762
6.359762
6.359762
6.359762
6.359762
21.359762
21.359762
21.359762
21.359762
6.359762
6.359762
6.359762
6.359762
6.359762
6.359762
6.359762
6.359762
6.359762
6.359762
6.359762
6.359762
6.359762
6.359762
6.359762
6.359762
6.359762
6.359762
6.359762
6.359762
6.359762
6.359762
6.359762
6.359762
6.359762
6.359762
6.359762
6.359762
6.359762
6.359762
6.359762
21.359762
21.359762
21.359762
21.359762
6.359762
6.359762
6.359762
6.359762
6.359762
6.359762
6.359762
6.359762
6.359762
6.359762
6.359762
6.359762
6.359762
6.359762
6.359762
6.359762
6.359762
6.359762
6.359762
6.359762
6.359762
6.359762
6.359762
6.359762
6.359762
6.359762
6.359762
6.359762
6.359762
6.359762
6.359762
21.359762
21.359762
21.359762
21.359762
21.359762
21.359762
21.359762
21.359762
21.359762
21.359762
21.359762
21.359762
21.359762
21.359762
21.359762
21.359762
21.359762
21.359762
21.359762
21.359762
21.359762
21.359762
21.359762
21.359762
21.359762
21.359762
21.359762
21.359762
21.359762
21.359762
21.359762
21.359762
21.359762
21.359762
21.359762
21.359762
21.359762
21.359762
21.359762
21.359762
21.359762
21.359762
21.359762
21.359762
21.359762
21.359762
21.359762
21.359762
21.359762
21.359762
21.359762
21.359762
21.359762
21.359762
21.359762
21.359762
21.359762
21.359762
21.359762
21.359762
21.359762
21.359762
21.359762
21.359762
21.359762
21.359762
21.359762
21.359762
21.359762
21.359762
21.359762
21.359762

/

stem	diameter	for	each	tree
&indivdiam
nodates = 1
values = 0.3 0.3 0.3 0.3 0.3 0.3 0.3 0.3 0.3 0.3 0.3 0.3 0.3 0.3 0.3 0.3 0.3 0.3 0.3 0.3 0.3 0.3 0.3 0.3 0.3 0.3 0.3 0.3 0.3 0.3 0.3 0.3 0.3 0.3 0.3 0.3 0.3 0.3 0.3 0.3 0.3 0.3 0.3 0.3 0.3 0.3 0.3 0.3 0.3 0.3 0.3 0.3 0.3 0.3 0.3 0.3 0.3 0.3 0.3 0.3 0.3 0.3 0.3 0.3 0.3 0.3 0.3 0.3 0.3 0.3 0.3 0.3 0.3 0.3 0.3 0.3 0.3 0.3 0.3 0.3 0.3 0.3 0.3 0.3 0.3 0.3 0.3 0.3 0.3 0.3 0.3 0.3 0.3 0.3 0.3 0.3 0.3 0.3 0.3 0.3 0.3 0.3 0.3 0.3 0.3 0.3 0.3 0.3 0.3 0.3 0.3 0.3 0.3 0.3 0.3 0.3 0.3 0.3 0.3 0.3 0.3 0.3 0.3 0.3 0.3 0.3 0.3 0.3 0.3 0.3 0.3 0.3 0.3 0.3 0.3 0.3 0.3 0.3 0.3 0.3 0.3 0.3 0.3 0.3 0.3 0.3 0.3 0.3 0.3 0.3 0.3 0.3 0.3 0.3 0.3 0.3 0.3 0.3 0.3 0.3 0.3 0.3 0.3 0.3 0.3 0.3 0.3 0.3 0.3 0.3 0.3 0.3 0.3 0.3 0.3 0.3 0.3 0.3 0.3 0.3 0.3 0.3 0.3 0.3 0.3 0.3 0.3 0.3 0.3 0.3 0.3 0.3 0.3 0.3 0.3 0.3 0.3 0.3 0.3 0.3 0.3 0.3 0.3 0.3 0.3 0.3 0.3 0.3 0.3 0.3 0.3 0.3 0.3 0.3 0.3 0.3 0.3 0.3 0.3 0.3 0.3 0.3 0.3 0.3 0.3 0.3 0.3 0.3 0.3 0.3 0.3 0.3 0.3 0.3 0.3 0.3 0.3 0.3 0.3 0.3 0.3 0.3 0.3 0.3 0.3 0.3 0.3 0.3 0.3 0.3 0.3 0.3 0.3 0.3 0.3 0.3 0.3 0.3 0.3 0.3 0.3 0.3 0.3 0.3 0.3 0.3 0.3 0.3 0.3 0.3 0.3 0.3 0.3 0.3 0.3 0.3 0.3 0.3 0.3 0.3 0.3 0.3 0.3 0.3 0.3 0.3 0.3 0.3 0.3 0.3 0.3 0.3 0.3 0.3 0.3 0.3 0.3 0.3 0.3 0.3 0.3 0.3 0.3 0.3 0.3 0.3 0.3 0.3 0.3 0.3 0.3 0.3 0.3 0.3 0.3 0.3 0.3 0.3 0.3 0.3 0.3 0.3 0.3 0.3 0.3 0.3 0.3 0.3 0.3 0.3 0.3 0.3 0.3 0.3 0.3 0.3 0.3 0.3 0.3 0.3 0.3 0.3 0.3 0.3 0.3 0.3 0.3 0.3 0.3 0.3 0.3 0.3 0.3 0.3 0.3 0.3 0.3 0.3 0.3 0.3 0.3 0.3 0.3 0.3 0.3 0.3 0.3 0.3 0.3 0.3 0.3 0.3 0.3 0.3 0.3 0.3 0.3 0.3 0.3 0.3 0.3 0.3 0.3 0.3 0.3 0.3 0.3 0.3 0.3 0.3 0.3 0.3 0.3 0.3 0.3 0.3 0.3 0.3 0.3 0.3 0.3 0.3 0.3 0.3 0.3 0.3 0.3 0.3 0.3 0.3 0.3 0.3 0.3 0.3 0.3 0.3 0.3 0.3 0.3 0.3 0.3 0.3 0.3 0.3 0.3 0.3 0.3 0.3 0.3 0.3 0.3 0.3 0.3 0.3 0.3 0.3 0.3 0.3 0.3 0.3 0.3 0.3 0.3 0.3 0.3 0.3 0.3 0.3 0.3 0.3 0.3 0.3 0.3 0.3 0.3 0.3 0.3 0.3 0.3 0.3 0.3 0.3 0.3 0.3 0.3 0.3 0.3 0.3 0.3 0.3 0.3 0.3 0.3 0.3 0.3 0.3 0.3 0.3 0.3 0.3 0.3 0.3 0.3 0.3 0.3 0.3 0.3 0.3 0.3 0.3 0.3 0.3 0.3 0.3 0.3 0.3 0.3 0.3 0.3 0.3 0.3 0.3 0.3 0.3 0.3 0.3 0.3 0.3 0.3 0.3 0.3 0.3 0.3 0.3 0.3 0.3 0.3 0.3 0.3 0.3 0.3 0.3 0.3 0.3 0.3 0.3 0.3 0.3 0.3 0.3 0.3 0.3 0.3 0.3 0.3 0.3 0.3 0.3 0.3 0.3 0.3 0.3 0.3 0.3 0.3 0.3 0.3 0.3 0.3 0.3 0.3 0.3 0.3 0.3 0.3 0.3 0.3 0.3 0.3 0.3 0.3 0.3 0.3 0.3 0.3 0.3 0.3 0.3 0.3 0.3 0.3 0.3 0.3 0.3 0.3 0.3 0.3 0.3 0.3 0.3 0.3 0.3 0.3 0.3 0.3 0.3 0.3 0.3 0.3 0.3 0.3 0.3 0.3 0.3 0.3 0.3 0.3 0.3 0.3 0.3 0.3 0.3 0.3 0.3 0.3 0.3 0.3 0.3 0.3 0.3 0.3 0.3 0.3 0.3 0.3 0.3 0.3 0.3 0.3 0.3 0.3 0.3 0.3 0.3 0.3 0.3 0.3 0.3 0.3 0.3 0.3 0.3 0.3 0.3 0.3 0.3 0.3 0.3 0.3 0.3 0.3 0.3 0.3 0.3 0.3 0.3 0.3 0.3 0.3 0.3 0.3 0.3 0.3 0.3 0.3 0.3 0.3 0.3 0.3 0.3 0.3 0.3 0.3 0.3 0.3 0.3 0.3 0.3 0.3 0.3 0.3 0.3 0.3 0.3 0.3 0.3 0.3 0.3 0.3 0.3 0.3 0.3 0.3 0.3 0.3 0.3 0.3 0.3 0.3 0.3 0.3 0.3 0.3 0.3 0.3 0.3 0.3 0.3 0.3 0.3 0.3 0.3 0.3 0.3 0.3 0.3 0.3 0.3 0.3 0.3 0.3 0.3 0.3 0.3 0.3 0.3 0.3 0.3 0.3 0.3 0.3 0.3 0.3 0.3 0.3 0.3 0.3 0.3 0.3 0.3 0.3 0.3 0.3 0.3 0.3 0.3 0.3 0.3 0.3 0.3 0.3 0.3 0.3 0.3 0.3 0.3 0.3 0.3 0.3 0.3 0.3 0.3 0.3 0.3 0.3 0.3 0.3 0.3 0.3 0.3 0.3 0.3 0.3 0.3 0.3 0.3 0.3 0.3 0.3 0.3 0.3 0.3 0.3 0.3 0.3 0.3 0.3 0.3 0.3 0.3 0.3 0.3 0.3 0.3 0.3 0.3 0.3 0.3 0.3 0.3 0.3 0.3 0.3 0.3 0.3 0.3 0.3 0.3 0.3 0.3 0.3 0.3 0.3 0.3 0.3 0.3 0.3 0.3 0.3 0.3 0.3 0.3 0.3 0.3 0.3 0.3 0.3 0.3 0.3 0.3 0.3 0.3 0.3 0.3 0.3 0.3 0.3 0.3 0.3 0.3 0.3 0.3 0.3 0.3 0.3 0.3 0.3 0.3 0.3 0.3 0.3 0.3 0.3 0.3 0.3 0.3 0.3 0.3 0.3 0.3 0.3 0.3 0.3 0.3 0.3 0.3 0.3 0.3 0.3 0.3 0.3 0.3 0.3 0.3 0.3 0.3 0.3 0.3 0.3 0.3 0.3 0.3 0.3 0.3 0.3 0.3 0.3 0.3 0.3 0.3 0.3 0.3 0.3 0.3 0.3 0.3 0.3 0.3 0.3 0.3 0.3 0.3 0.3 0.3 0.3 0.3 0.3 0.3 0.3 0.3 0.3 0.3 0.3 0.3 0.3 0.3 0.3 0.3 0.3 0.3 0.3 0.3 0.3 0.3 0.3 0.3 0.3 0.3 0.3 0.3 0.3 0.3 0.3 0.3 0.3 0.3 0.3 0.3 0.3 0.3 0.3 0.3 0.3 0.3 0.3 0.3 0.3 0.3 0.3 0.3 0.3 0.3 0.3 0.3 0.3 0.3 0.3 0.3 0.3 0.3 0.3 0.3 0.3 0.3 0.3 0.3 0.3 0.3 0.3 0.3 0.3 0.3 0.3 0.3 0.3 0.3 0.3 0.3 0.3 0.3 0.3 0.3 0.3 0.3 0.3 0.3 0.3 0.3 0.3 0.3 0.3 0.3 0.3 0.3 0.3 0.3 0.3 0.3 0.3 0.3 0.3 0.3 0.3 0.3 0.3 0.3 0.3 0.3 0.3 0.3 0.3 0.3 0.3 0.3 0.3 0.3 0.3 0.3 0.3 0.3 0.3 0.3 0.3 0.3 0.3 0.3 0.3 0.3 0.3 0.3 0.3 0.3 0.3 0.3 0.3 0.3 0.3 0.3 0.3 0.3 0.3 0.3 0.3 0.3 0.3 0.3 0.3 0.3 0.3 0.3 0.3 0.3 0.3 0.3 0.3 0.3 0.3 0.3 0.3 0.3 0.3 0.3 0.3 0.3 0.3 0.3 0.3 0.3 0.3 0.3 0.3 0.3 0.3 0.3 0.3 0.3 0.3 0.3 0.3 0.3 0.3 0.3 0.3 0.3 0.3 0.3 0.3 0.3 0.3 0.3 0.3 0.3 0.3 0.3 0.3 0.3 0.3 0.3 0.3 0.3 0.3 0.3 0.3 0.3 0.3 0.3 0.3 0.3 0.3 0.3 0.3 0.3 0.3 0.3 0.3 0.3 0.3 0.3 0.3 0.3 0.3 0.3 0.3 0.3 0.3 0.3 0.3 0.3 0.3 0.3 0.3 0.3 0.3 0.3 0.3 0.3 0.3 0.3 0.3 0.3 0.3 0.3 0.3 0.3 0.3 0.3 0.3 0.3 0.3 0.3 0.3 0.3 0.3 0.3 0.3 0.3 0.3 0.3 0.3 0.3 0.3 0.3 0.3 0.3 0.3 0.3 0.3 0.3 0.3 0.3 0.3 0.3 0.3 0.3 0.3 0.3 0.3 0.3 0.3 0.3 0.3 0.3 0.3 0.3 0.3 0.3 0.3 0.3 0.3 0.3 0.3 0.3 0.3 0.3 0.3 0.3 0.3 0.3 0.3 0.3 0.3 0.3 0.3 0.3 0.3 0.3 0.3 0.3 0.3 0.3 0.3 0.3 0.3 0.3 0.3 0.3 0.3 0.3 0.3 0.3 0.3 0.3 0.3 0.3 0.3 0.3 0.3 0.3 0.3 0.3 0.3 0.3 0.3 0.3 0.3
/

trunk	height
&indivhttrunk
nodates = 1
values = 0.001 0.001 0.001 0.001 0.001 0.001 0.001 0.001 0.001 0.001 0.001 0.001 0.001 0.001 0.001 0.001 0.001 0.001 0.001 0.001 0.001 0.001 0.001 0.001 0.001 0.001 0.001 0.001 0.001 0.001 0.001 0.001 0.001 0.001 0.001 0.001 0.001 0.001 0.001 0.001 0.001 0.001 0.001 0.001 0.001 0.001 0.001 0.001 0.001 0.001 0.001 0.001 0.001 0.001 0.001 0.001 0.001 0.001 0.001 0.001 0.001 0.001 0.001 0.001 0.001 0.001 0.001 0.001 0.001 0.001 0.001 0.001 14.47 16.63 14.8 11.6 19.89 17.89 18.95 9.71 18.73 8.64 13 9.85 6.72 21.83 12.55 13.93 13.55 16.45 21 21.3 10.56 9.91 9.33 10.3 22.35 15.03 11.84 12.75 19.03 15.98 13.82 0.001 0.001 0.001 0.001 22.53 13.42 13.68 11.15 14.06 16.77 20.1 17.12 16.71 19.62 19.3 15.4 12.06 19.65 15.52 21.41 13.39 11.08 17.02 12.49 17.4 8.54 8.47 17.59 16.24 18.27 7.44 19.55 19.5 18.87 17.95 0.001 0.001 0.001 0.001 11.97 15.32 17.8 12.55 17.46 17.06 11.97 11.26 18.66 14.36 17.71 11.83 19.79 9.96 17.87 16.74 16 17.5 16.49 12.61 14 16.35 10.08 11.69 22.79 7.13 10.36 18.71 19.08 18.15 15.21 0.001 0.001 0.001 0.001 11.5 18.08 8.91 11.14 10.27 16.47 10.76 17.04 19.41 15.09 16.93 12.55 16.89 10.23 14.71 9.96 14 19.08 17.63 13.34 12.04 11.79 12.2 16.12 11.18 25.77 15.82 11.38 16.44 14.54 13.69 0.001 0.001 0.001 0.001 21.74 9.62 15.52 16.69 19.56 10.03 10.73 21.28 16.49 17.68 12.03 22.21 15.26 16.76 14.66 18.35 13.6 23.47 20.9 7.67 12.68 14.89 8.54 11.05 12.86 16.81 15.36 12.8 14.69 25.83 19.4 0.001 0.001 0.001 0.001 16.06 13.22 13.28 16.88 13.48 14.33 13.8 18.16 16.81 13.86 13.93 18.68 14.36 20.04 14.63 13.79 7.82 12.57 9.75 22.24 16.73 16.98 14.86 4.8 14.82 15.02 10.41 15.94 21.02 14.87 18.86 0.001 0.001 0.001 0.001 19.8 12.64 20.06 21.27 19.4 15.02 19.9 14.65 10.77 17.2 15.33 14.13 20.58 13.67 16.57 7.13 9.86 12.43 13.81 13.82 18.32 7.93 17.75 17.96 15.73 18.45 19.66 12.45 16.93 13.24 13.12 0.001 0.001 0.001 0.001 15.44 15.33 14.25 13.13 19.09 18.46 16.37 16.11 16.99 18.63 22.16 20.64 13.83 18.56 14.67 14.27 17.73 18.86 13.85 17.87 14.92 20.6 16.68 15.66 16.45 10.17 15.87 17.7 14.06 13.8 18.69 0.001 0.001 0.001 0.001 13.61 20.81 23.73 20.25 11.47 18.12 17.76 15.46 20.83 20.34 13.65 13.13 7.93 10.73 13.29 19.4 13.8 15.16 14.34 23.57 11.99 19.61 14.87 12.52 14.06 24.5 15.59 17.82 13.4 12.23 15.54 0.001 0.001 0.001 0.001 14.89 20.3 18.11 15.69 20.02 19.51 18.27 14.56 16.29 11.3 19.23 15.86 18.44 14.2 4.79 11.2 11.89 18.22 14.11 12.36 5.8 19.3 15.01 15.23 10.86 15.75 10.39 14.53 10.08 19.15 11.22 0.001 0.001 0.001 0.001 20.29 17.75 19.81 18.37 16.99 17.94 10.56 16.3 10.6 13.74 11.16 19.97 15.14 14.71 13.35 15.8 14.96 13.3 7.12 13.94 9.11 16.11 15.93 14.49 12.32 19 7.42 16.9 12.7 15.1 14.05 0.001 0.001 0.001 0.001 22.79 17.51 15.77 14.86 15.44 14.04 12.47 18.53 16.85 16.66 14.74 19.88 9.9 20.83 20.43 18.48 10.1 16.04 12 13.59 12.73 5.9 13.08 10.98 15.52 11.64 14.71 20.98 10.48 8.77 15.26 0.001 0.001 0.001 0.001 19.86 10.93 16.47 14.9 10.29 11.49 14.26 15.53 13.28 17.32 12.3 12.81 15.81 19.67 12.12 19.55 10.71 20.51 9.37 15.53 9.16 23.16 16.11 16.67 21.82 17.38 14.95 18.04 15.56 18.06 16.53 0.001 0.001 0.001 0.001 15.18 21.58 15.2 7.25 13.61 21.35 19.31 14.61 13.07 20.71 13.78 19.69 17.44 15.35 14.76 11.86 21.48 11.37 17.12 13.31 10.88 10.3 23.09 16.28 17.01 18.59 20.33 14.38 17.96 12.65 22.54 0.001 0.001 0.001 0.001 20.48 9.92 10.43 20.39 25.08 20.21 19.13 13.98 19.32 17.7 15.24 14.74 19.48 10.75 18.99 15.19 18.03 20.03 12.93 17.38 13.78 18.17 15.06 13.78 11.68 13.76 14.96 20.38 12.17 16.86 11.75 0.001 0.001 0.001 0.001 14.43 9.14 10.99 10.82 14.57 11.65 12.55 19.42 18.57 15.4 20.95 18.1 11.6 13.57 10.44 9.75 17.03 15.49 14.06 18.6 10.23 12.88 16.06 12.97 17.86 15.44 15.34 19.9 16.32 12.01 8.13 0.001 0.001 0.001 0.001 11.27 19.78 15.8 12.34 22.74 11.95 14.9 18.22 13.27 7.64 9.3 11.77 13.19 17.9 10.54 16.4 11.46 12.73 19.93 21.51 16.61 11.07 20.63 15.46 13.65 10.87 10.93 11.32 11.68 22.4 21.46 0.001 0.001 0.001 0.001 12.74 8.75 19.69 9.26 16.34 12.53 23.68 14.94 12.09 12.31 15.33 13.24 8.51 8.96 15.9 15.57 12.78 12.77 16.57 13.23 13.91 13.46 14.08 15.54 11.87 18.72 13.31 15.54 15.17 12.14 13.36 0.001 0.001 0.001 0.001 13.82 20.62 15.26 20 15.68 14.64 11.81 16.01 6.53 19.42 18.38 17.35 15.94 17.07 18.57 12.32 22.09 20.23 15.43 16.41 20.49 10.34 12.37 18.25 14.65 19.74 4.93 11.6 17.66 22.86 19.22 0.001 0.001 0.001 0.001 8.51 22.09 13.76 15.78 21.5 18.67 17.1 13.64 13.34 13.55 21.87 18.17 16.24 16.58 13.37 15.77 9.12 14.93 15.39 11.87 10.52 12.29 15.01 13.72 16.28 13.6 14.94 24.77 17.52 15.52 11.16 0.001 0.001 0.001 0.001 12.83 16.38 12.86 16.74 7.89 15.76 14.7 9.34 14.96 10.69 15.44 16.3 17.05 13.06 19.86 18.57 14.64 16.48 20.76 16.39 10.77 14.26 14.01 13.54 15.07 13.91 19.37 24.12 12.64 6.47 16.26 0.001 0.001 0.001 0.001 23.99 20.54 13.25 12.79 11.3 15.6 8.64 14.42 12.88 7.93 13.68 16.14 10.05 9.54 19.3 19.55 15.59 8.39 15.98 15.61 9.31 14.3 23.19 16.29 22.25 12.9 16.95 18.68 13.54 19.3 11.95 0.001 0.001 0.001 0.001 18.79 7.75 16.83 13.27 14.4 15.05 6.25 13.8 10.78 14.08 18.01 12.24 17.24 13.44 23.06 13.26 9.93 17.59 18.31 13.53 18.19 20.69 11.36 21.09 13.21 10.89 14.99 9.22 12.28 18.62 14.68 0.001 0.001 0.001 0.001 13.61 12.33 17.06 17.25 21.36 17.89 15.25 9.76 16.99 12.52 17.19 22.87 11.68 14.97 15.37 10.98 12.13 16.47 13.14 16.24 18.06 16.13 14.43 15.86 19.1 15.01 14.5 14.75 16.15 17.31 15.19 0.001 0.001 0.001 0.001 19.71 19 18.87 26.28 13.99 18.91 17.21 12.31 17.42 18.68 15.22 15.07 16.37 10.75 14.45 15.98 14.33 17.17 13.37 11.14 15.91 13.25 20.54 5.1 18.66 18.07 6.93 15.53 16.33 15.17 16.59 0.001 0.001 0.001 0.001 16.73 15.18 12.6 10.77 13.98 10.3 21.32 15.22 17.15 14.49 17.41 10.96 14.72 13.43 12.94 15.99 11.85 11.33 11.84 15.97 14.77 22.07 19.25 20.74 16.09 12.36 10.59 10.65 9.07 7.33 15.86 0.001 0.001 0.001 0.001 12.91 14.06 12.58 15.21 9.67 16.05 11.49 13.65 13.37 16.99 17.39 25.62 16.29 17.46 8.7 13.74 14.36 9.35 16.75 18.58 11.45 15.14 11.88 17.09 14.58 11.41 13.24 18.92 15.01 19.04 17.09 0.001 0.001 0.001 0.001 9.17 20.51 15.61 13.9 18.21 12.85 14.36 13.48 19.99 9.88 20.37 19.15 19.8 15.07 17.45 20.23 16.08 18.83 13.76 7.28 19.42 19.05 21.42 12.8 9.58 11.94 15.47 11.64 13.05 12.89 13.46 0.001 0.001 0.001 0.001 11.34 9.33 9.77 12.15 14.01 11.81 15.82 11.63 8.78 14.48 19.71 12.98 13.15 18.94 18.35 16.62 15.29 18.08 18.62 15.84 19.15 17.93 11.86 16.1 19.92 15.3 20.97 12.31 19.96 24.62 20.14 0.001 0.001 0.001 0.001 10.17 11.51 16.04 14.74 13.17 11.23 13.11 19.87 10.9 10.34 11.4 13.89 17.64 16.61 10.74 10.2 15.37 12.64 20.46 18.4 12.66 16.09 19.96 11.26 12.07 14.53 12.04 9.71 14.61 19.45 15.1 0.001 0.001 0.001 0.001 22.18 13.73 12.23 12.7 16.45 9.93 18.69 22.71 19.35 13.52 15.14 14.43 17.34 12.23 14.12 14.45 15.08 16.15 11.85 16.98 18.08 15.88 19.92 18.16 18.55 19.49 12.87 8.84 13.64 18.11 12.98 0.001 0.001 0.001 0.001 0.001 0.001 0.001 0.001 0.001 0.001 0.001 0.001 0.001 0.001 0.001 0.001 0.001 0.001 0.001 0.001 0.001 0.001 0.001 0.001 0.001 0.001 0.001 0.001 0.001 0.001 0.001 0.001 0.001 0.001 0.001 0.001 0.001 0.001 0.001 0.001 0.001 0.001 0.001 0.001 0.001 0.001 0.001 0.001 0.001 0.001 0.001 0.001 0.001 0.001 0.001 0.001 0.001 0.001 0.001 0.001 0.001 0.001 0.001 0.001 0.001 0.001 0.001 0.001 0.001 0.001 0.001 0.001
/

leaf	area
&indivlarea
nodates = 1
values = 900
900
900
900
900
900
900
900
900
900
900
900
900
900
900
900
900
900
900
900
900
900
900
900
900
900
900
900
900
900
900
900
900
900
900
900
900
900
900
900
900
900
900
900
900
900
900
900
900
900
900
900
900
900
900
900
900
900
900
900
900
900
900
900
900
900
900
900
900
900
900
900
47.62
47.62
47.62
47.62
47.62
47.62
47.62
47.62
47.62
47.62
47.62
47.62
47.62
47.62
47.62
47.62
47.62
47.62
47.62
47.62
47.62
47.62
47.62
47.62
47.62
47.62
47.62
47.62
47.62
47.62
47.62
900
900
900
900
47.62
47.62
47.62
47.62
47.62
47.62
47.62
47.62
47.62
47.62
47.62
47.62
47.62
47.62
47.62
47.62
47.62
47.62
47.62
47.62
47.62
47.62
47.62
47.62
47.62
47.62
47.62
47.62
47.62
47.62
47.62
900
900
900
900
47.62
47.62
47.62
47.62
47.62
47.62
47.62
47.62
47.62
47.62
47.62
47.62
47.62
47.62
47.62
47.62
47.62
47.62
47.62
47.62
47.62
47.62
47.62
47.62
47.62
47.62
47.62
47.62
47.62
47.62
47.62
900
900
900
900
47.62
47.62
47.62
47.62
47.62
47.62
47.62
47.62
47.62
47.62
47.62
47.62
47.62
47.62
47.62
47.62
47.62
47.62
47.62
47.62
47.62
47.62
47.62
47.62
47.62
47.62
47.62
47.62
47.62
47.62
47.62
900
900
900
900
47.62
47.62
47.62
47.62
47.62
47.62
47.62
47.62
47.62
47.62
47.62
47.62
47.62
47.62
47.62
47.62
47.62
47.62
47.62
47.62
47.62
47.62
47.62
47.62
47.62
47.62
47.62
47.62
47.62
47.62
47.62
900
900
900
900
47.62
47.62
47.62
47.62
47.62
47.62
47.62
47.62
47.62
47.62
47.62
47.62
47.62
47.62
47.62
47.62
47.62
47.62
47.62
47.62
47.62
47.62
47.62
47.62
47.62
47.62
47.62
47.62
47.62
47.62
47.62
900
900
900
900
47.62
47.62
47.62
47.62
47.62
47.62
47.62
47.62
47.62
47.62
47.62
47.62
47.62
47.62
47.62
47.62
47.62
47.62
47.62
47.62
47.62
47.62
47.62
47.62
47.62
47.62
47.62
47.62
47.62
47.62
47.62
900
900
900
900
47.62
47.62
47.62
47.62
47.62
47.62
47.62
47.62
47.62
47.62
47.62
47.62
47.62
47.62
47.62
47.62
47.62
47.62
47.62
47.62
47.62
47.62
47.62
47.62
47.62
47.62
47.62
47.62
47.62
47.62
47.62
900
900
900
900
47.62
47.62
47.62
47.62
47.62
47.62
47.62
47.62
47.62
47.62
47.62
47.62
47.62
47.62
47.62
47.62
47.62
47.62
47.62
47.62
47.62
47.62
47.62
47.62
47.62
47.62
47.62
47.62
47.62
47.62
47.62
900
900
900
900
47.62
47.62
47.62
47.62
47.62
47.62
47.62
47.62
47.62
47.62
47.62
47.62
47.62
47.62
47.62
47.62
47.62
47.62
47.62
47.62
47.62
47.62
47.62
47.62
47.62
47.62
47.62
47.62
47.62
47.62
47.62
900
900
900
900
47.62
47.62
47.62
47.62
47.62
47.62
47.62
47.62
47.62
47.62
47.62
47.62
47.62
47.62
47.62
47.62
47.62
47.62
47.62
47.62
47.62
47.62
47.62
47.62
47.62
47.62
47.62
47.62
47.62
47.62
47.62
900
900
900
900
47.62
47.62
47.62
47.62
47.62
47.62
47.62
47.62
47.62
47.62
47.62
47.62
47.62
47.62
47.62
47.62
47.62
47.62
47.62
47.62
47.62
47.62
47.62
47.62
47.62
47.62
47.62
47.62
47.62
47.62
47.62
900
900
900
900
47.62
47.62
47.62
47.62
47.62
47.62
47.62
47.62
47.62
47.62
47.62
47.62
47.62
47.62
47.62
47.62
47.62
47.62
47.62
47.62
47.62
47.62
47.62
47.62
47.62
47.62
47.62
47.62
47.62
47.62
47.62
900
900
900
900
47.62
47.62
47.62
47.62
47.62
47.62
47.62
47.62
47.62
47.62
47.62
47.62
47.62
47.62
47.62
47.62
47.62
47.62
47.62
47.62
47.62
47.62
47.62
47.62
47.62
47.62
47.62
47.62
47.62
47.62
47.62
900
900
900
900
47.62
47.62
47.62
47.62
47.62
47.62
47.62
47.62
47.62
47.62
47.62
47.62
47.62
47.62
47.62
47.62
47.62
47.62
47.62
47.62
47.62
47.62
47.62
47.62
47.62
47.62
47.62
47.62
47.62
47.62
47.62
900
900
900
900
47.62
47.62
47.62
47.62
47.62
47.62
47.62
47.62
47.62
47.62
47.62
47.62
47.62
47.62
47.62
0.1
47.62
47.62
47.62
47.62
47.62
47.62
47.62
47.62
47.62
47.62
47.62
47.62
47.62
47.62
47.62
900
900
900
900
47.62
47.62
47.62
47.62
47.62
47.62
47.62
47.62
47.62
47.62
47.62
47.62
47.62
47.62
47.62
47.62
47.62
47.62
47.62
47.62
47.62
47.62
47.62
47.62
47.62
47.62
47.62
47.62
47.62
47.62
47.62
900
900
900
900
47.62
47.62
47.62
47.62
47.62
47.62
47.62
47.62
47.62
47.62
47.62
47.62
47.62
47.62
47.62
47.62
47.62
47.62
47.62
47.62
47.62
47.62
47.62
47.62
47.62
47.62
47.62
47.62
47.62
47.62
47.62
900
900
900
900
47.62
47.62
47.62
47.62
47.62
47.62
47.62
47.62
47.62
47.62
47.62
47.62
47.62
47.62
47.62
47.62
47.62
47.62
47.62
47.62
47.62
47.62
47.62
47.62
47.62
47.62
47.62
47.62
47.62
47.62
47.62
900
900
900
900
47.62
47.62
47.62
47.62
47.62
47.62
47.62
47.62
47.62
47.62
47.62
47.62
47.62
47.62
47.62
47.62
47.62
47.62
47.62
47.62
47.62
47.62
47.62
47.62
47.62
47.62
47.62
47.62
47.62
47.62
47.62
900
900
900
900
47.62
47.62
47.62
47.62
47.62
47.62
47.62
47.62
47.62
47.62
47.62
47.62
47.62
47.62
47.62
47.62
47.62
47.62
47.62
47.62
47.62
47.62
47.62
47.62
47.62
47.62
47.62
47.62
47.62
47.62
47.62
900
900
900
900
47.62
47.62
47.62
47.62
47.62
47.62
47.62
47.62
47.62
47.62
47.62
47.62
47.62
47.62
47.62
47.62
47.62
47.62
47.62
47.62
47.62
47.62
47.62
47.62
47.62
47.62
47.62
47.62
47.62
47.62
47.62
900
900
900
900
47.62
47.62
47.62
47.62
47.62
47.62
47.62
47.62
47.62
47.62
47.62
47.62
47.62
47.62
47.62
47.62
47.62
47.62
47.62
47.62
47.62
47.62
47.62
47.62
47.62
47.62
47.62
47.62
47.62
47.62
47.62
900
900
900
900
47.62
47.62
47.62
47.62
47.62
47.62
47.62
47.62
47.62
47.62
47.62
47.62
47.62
47.62
47.62
47.62
47.62
47.62
47.62
47.62
47.62
47.62
47.62
47.62
47.62
47.62
47.62
47.62
47.62
47.62
47.62
900
900
900
900
47.62
47.62
47.62
47.62
47.62
47.62
47.62
47.62
47.62
47.62
47.62
47.62
47.62
47.62
47.62
47.62
47.62
47.62
47.62
47.62
47.62
47.62
47.62
47.62
47.62
47.62
47.62
47.62
47.62
47.62
47.62
900
900
900
900
47.62
47.62
47.62
47.62
47.62
47.62
47.62
47.62
47.62
47.62
47.62
47.62
47.62
47.62
47.62
47.62
47.62
47.62
47.62
47.62
47.62
47.62
47.62
47.62
47.62
47.62
47.62
47.62
47.62
47.62
47.62
900
900
900
900
47.62
47.62
47.62
47.62
47.62
47.62
47.62
47.62
47.62
47.62
47.62
47.62
47.62
47.62
47.62
47.62
47.62
47.62
47.62
47.62
47.62
47.62
47.62
47.62
47.62
47.62
47.62
47.62
47.62
47.62
47.62
900
900
900
900
47.62
47.62
47.62
47.62
47.62
47.62
47.62
47.62
47.62
47.62
47.62
47.62
47.62
47.62
47.62
47.62
47.62
47.62
47.62
47.62
47.62
47.62
47.62
47.62
47.62
47.62
47.62
47.62
47.62
47.62
47.62
900
900
900
900
47.62
47.62
47.62
47.62
47.62
47.62
47.62
47.62
47.62
47.62
47.62
47.62
47.62
47.62
47.62
47.62
47.62
47.62
47.62
47.62
47.62
47.62
47.62
47.62
47.62
47.62
47.62
47.62
47.62
47.62
47.62
900
900
900
900
47.62
47.62
47.62
47.62
47.62
47.62
47.62
47.62
47.62
47.62
47.62
47.62
47.62
47.62
47.62
47.62
47.62
47.62
47.62
47.62
47.62
47.62
47.62
47.62
47.62
47.62
47.62
47.62
47.62
47.62
47.62
900
900
900
900
47.62
47.62
47.62
47.62
47.62
47.62
47.62
47.62
47.62
47.62
47.62
47.62
47.62
47.62
47.62
47.62
47.62
47.62
47.62
47.62
47.62
47.62
47.62
47.62
47.62
47.62
47.62
47.62
47.62
47.62
47.62
900
900
900
900
900
900
900
900
900
900
900
900
900
900
900
900
900
900
900
900
900
900
900
900
900
900
900
900
900
900
900
900
900
900
900
900
900
900
900
900
900
900
900
900
900
900
900
900
900
900
900
900
900
900
900
900
900
900
900
900
900
900
900
900
900
900
900
900
900
900
900
900 

/

