Program:    MAESPA                                                                          
Control:    &control                                                                        
Trees:      Example trees file.                                                             
Structure:                                                                      Multispecies
Physiology:                                                                     Multispecies
Met data:   Example met file (Tumbarumba)                                                   
Water bal.: Example water balance parameters.                                               
                                                                                
DOY: simulation date
Tree: tree number
Spec: tree species number
absPAR:   absorbed PAR              MJ tree-1 d-1
absNIR:   absorbed NIR              MJ  tree-1 d-1
absTherm: absorbed thermal          MJ tree-1 d-1
totPs: gross photosynthesis         mol tree-1 d-1
totRf: daily foliar respiration     mol tree-1 d-1
netPs: photosyn. net of foliar resp   mol tree-1 d-1
totLE1: daily transpiration         mol H2O tree-1 d-1
totLE2: daily transpirn (CANOPY calc) mol H2O m-2 d-1
totH:  daily sensible heat flux     MJ tree-1 d-1
                                                                                
Columns: DOY Tree Spec absPAR absNIR absTherm totPs totRf netPs totLE1 totLE2 totH
      1  519    1       0.5575       0.1317       0.0748       0.0461       0.0026       0.0435       2.4407       0.2399       0.6054
      1  520    1       0.5573       0.1316       0.0748       0.0461       0.0026       0.0435       2.4312       0.2399       0.6056
      1  521    1       0.5573       0.1316       0.0748       0.0461       0.0026       0.0435       2.4201       0.2399       0.6060
      1  522    1       0.5572       0.1316       0.0748       0.0461       0.0026       0.0435       2.4189       0.2399       0.6061
      1  523    1       0.5572       0.1316       0.0748       0.0461       0.0026       0.0435       2.4229       0.2399       0.6059
      1  524    1       0.5573       0.1316       0.0748       0.0461       0.0026       0.0435       2.4203       0.2399       0.6060
      1  525    1       0.5573       0.1316       0.0748       0.0461       0.0026       0.0435       2.4175       0.2399       0.6062
      1  526    1       0.5575       0.1316       0.0748       0.0461       0.0026       0.0435       2.4400       0.2399       0.6054
      1  555    1       0.5573       0.1316       0.0748       0.0461       0.0026       0.0435       2.4279       0.2399       0.6058
      1  556    1       0.5571       0.1316       0.0748       0.0461       0.0026       0.0435       2.4162       0.2399       0.6060
      1  557    1       0.5570       0.1316       0.0748       0.0461       0.0026       0.0435       2.4088       0.2399       0.6063
      1  558    1       0.5570       0.1316       0.0748       0.0461       0.0026       0.0435       2.3976       0.2399       0.6067
      1  559    1       0.5570       0.1316       0.0748       0.0461       0.0026       0.0435       2.4043       0.2399       0.6064
      1  560    1       0.5570       0.1316       0.0748       0.0461       0.0026       0.0435       2.3992       0.2399       0.6067
      1  561    1       0.5571       0.1316       0.0748       0.0461       0.0026       0.0435       2.4156       0.2399       0.6060
      1  562    1       0.5573       0.1316       0.0748       0.0461       0.0026       0.0435       2.4319       0.2399       0.6056
      1  591    1       0.5573       0.1316       0.0748       0.0461       0.0026       0.0435       2.4253       0.2399       0.6058
      1  592    1       0.5570       0.1316       0.0748       0.0461       0.0026       0.0435       2.4028       0.2399       0.6065
      1  593    1       0.5569       0.1315       0.0748       0.0461       0.0026       0.0435       2.3914       0.2399       0.6069
      1  594    1       0.5569       0.1315       0.0748       0.0461       0.0026       0.0435       2.3925       0.2399       0.6069
      1  595    1       0.5569       0.1315       0.0748       0.0461       0.0026       0.0435       2.3942       0.2399       0.6068
      1  596    1       0.5569       0.1315       0.0748       0.0461       0.0026       0.0435       2.3900       0.2399       0.6070
      1  597    1       0.5570       0.1316       0.0748       0.0461       0.0026       0.0435       2.4066       0.2399       0.6063
      1  598    1       0.5572       0.1316       0.0748       0.0461       0.0026       0.0435       2.4212       0.2399       0.6060
      1  627    1       0.5572       0.1316       0.0748       0.0461       0.0026       0.0435       2.4170       0.2399       0.6061
      1  628    1       0.5570       0.1316       0.0748       0.0461       0.0026       0.0435       2.4027       0.2399       0.6065
      1  629    1       0.5569       0.1315       0.0748       0.0461       0.0026       0.0435       2.3930       0.2399       0.6068
      1  630    1       0.5569       0.1315       0.0749       0.0461       0.0026       0.0435       2.3938       0.2399       0.6068
      1  631    1       0.5569       0.1315       0.0749       0.0461       0.0026       0.0435       2.3923       0.2399       0.6068
      1  632    1       0.5569       0.1315       0.0748       0.0461       0.0026       0.0435       2.3941       0.2399       0.6068
      1  633    1       0.5570       0.1316       0.0748       0.0461       0.0026       0.0435       2.3986       0.2399       0.6067
      1  634    1       0.5572       0.1316       0.0748       0.0461       0.0026       0.0435       2.4199       0.2399       0.6060
      1  663    1       0.5572       0.1316       0.0748       0.0461       0.0026       0.0435       2.4216       0.2399       0.6059
      1  664    1       0.5570       0.1316       0.0748       0.0461       0.0026       0.0435       2.4078       0.2399       0.6063
      1  665    1       0.5569       0.1315       0.0748       0.0461       0.0026       0.0435       2.3923       0.2399       0.6068
      1  666    1       0.5569       0.1315       0.0748       0.0461       0.0026       0.0435       2.3969       0.2399       0.6066
      1  667    1       0.5569       0.1315       0.0748       0.0461       0.0026       0.0435       2.3920       0.2399       0.6068
      1  668    1       0.5603       0.1261       0.0579       0.0462       0.0026       0.0436       2.3669       0.2402       0.5933
      1  669    1       0.5570       0.1316       0.0748       0.0461       0.0026       0.0435       2.4032       0.2399       0.6065
      1  670    1       0.5572       0.1316       0.0748       0.0461       0.0026       0.0435       2.4165       0.2399       0.6061
      1  699    1       0.5572       0.1316       0.0748       0.0461       0.0026       0.0435       2.4204       0.2399       0.6060
      1  700    1       0.5570       0.1316       0.0748       0.0461       0.0026       0.0435       2.4067       0.2399       0.6064
      1  701    1       0.5569       0.1315       0.0748       0.0461       0.0026       0.0435       2.3882       0.2399       0.6071
      1  702    1       0.5569       0.1315       0.0748       0.0461       0.0026       0.0435       2.3937       0.2399       0.6068
      1  703    1       0.5569       0.1315       0.0748       0.0461       0.0026       0.0435       2.3944       0.2399       0.6068
      1  704    1       0.5569       0.1315       0.0748       0.0461       0.0026       0.0435       2.3879       0.2399       0.6071
      1  705    1       0.5570       0.1316       0.0748       0.0461       0.0026       0.0435       2.4056       0.2399       0.6064
      1  706    1       0.5572       0.1316       0.0748       0.0461       0.0026       0.0435       2.4181       0.2399       0.6061
      1  735    1       0.5573       0.1316       0.0748       0.0461       0.0026       0.0435       2.4239       0.2399       0.6059
      1  736    1       0.5571       0.1316       0.0748       0.0461       0.0026       0.0435       2.4107       0.2399       0.6062
      1  737    1       0.5570       0.1316       0.0748       0.0461       0.0026       0.0435       2.4020       0.2399       0.6065
      1  738    1       0.5570       0.1316       0.0748       0.0461       0.0026       0.0435       2.4030       0.2399       0.6065
      1  739    1       0.5570       0.1316       0.0748       0.0461       0.0026       0.0435       2.3981       0.2399       0.6067
      1  740    1       0.5570       0.1316       0.0748       0.0461       0.0026       0.0435       2.4027       0.2399       0.6065
      1  741    1       0.5571       0.1316       0.0748       0.0461       0.0026       0.0435       2.4102       0.2399       0.6063
      1  742    1       0.5573       0.1316       0.0748       0.0461       0.0026       0.0435       2.4240       0.2399       0.6059
      1  771    1       0.5574       0.1316       0.0748       0.0461       0.0026       0.0435       2.4354       0.2399       0.6055
      1  772    1       0.5573       0.1316       0.0748       0.0461       0.0026       0.0435       2.4313       0.2399       0.6055
      1  773    1       0.5572       0.1316       0.0748       0.0461       0.0026       0.0435       2.4185       0.2399       0.6060
      1  774    1       0.5572       0.1316       0.0748       0.0461       0.0026       0.0435       2.4122       0.2399       0.6063
      1  775    1       0.5572       0.1316       0.0748       0.0461       0.0026       0.0435       2.4177       0.2399       0.6061
      1  776    1       0.5572       0.1316       0.0748       0.0461       0.0026       0.0435       2.4168       0.2399       0.6061
      1  777    1       0.5573       0.1316       0.0748       0.0461       0.0026       0.0435       2.4241       0.2399       0.6059
      1  778    1       0.5574       0.1316       0.0748       0.0461       0.0026       0.0435       2.4333       0.2399       0.6056
