   1       0.9996   0.4256   0.2382
   2       0.9997   0.4358   0.2349
   3       0.9998   0.4508   0.2428
   4       0.9991   0.4678   0.2713
   5       0.9993   0.4670   0.2565
   6       0.9995   0.4817   0.2578
   7       0.9988   0.5071   0.3042
   8       0.9990   0.5163   0.2910
   9       0.9992   0.4816   0.2602
  10       0.9985   0.5182   0.3089
  11       0.9987   0.5143   0.2971
  12       0.9990   0.5335   0.3077
  13       0.9983   0.4908   0.2827
  14       0.9985   0.5032   0.2996
  15       0.9987   0.5166   0.3035
  16       0.9983   0.5005   0.2644
  17       0.9984   0.5077   0.2837
  18       0.9985   0.5491   0.3259
  19       0.9996   0.4471   0.2522
  20       0.9997   0.4646   0.2665
  21       0.9998   0.4654   0.2703
  22       0.9991   0.4482   0.2477
  23       0.9993   0.4060   0.2145
  24       0.9995   0.3981   0.2112
  25       0.9988   0.4982   0.2886
  26       0.9990   0.4667   0.2698
  27       0.9992   0.4898   0.2983
  28       0.9985   0.5207   0.3039
  29       0.9987   0.4758   0.2725
  30       0.9990   0.4598   0.2589
  31       0.9983   0.5209   0.2811
  32       0.9985   0.5234   0.2943
  33       0.9987   0.5087   0.2895
  34       0.9983   0.5185   0.2698
  35       0.9984   0.5264   0.2766
  36       0.9985   0.5241   0.2744
  37       0.9996   0.4552   0.2604
  38       0.9997   0.4250   0.2322
  39       0.9998   0.4244   0.2245
  40       0.9991   0.5027   0.2919
  41       0.9993   0.4383   0.2405
  42       0.9995   0.4418   0.2487
  43       0.9988   0.5171   0.2886
  44       0.9990   0.4475   0.2354
  45       0.9992   0.4447   0.2407
  46       0.9985   0.5217   0.2861
  47       0.9987   0.4731   0.2508
  48       0.9990   0.4349   0.2240
  49       0.9983   0.4920   0.2619
  50       0.9985   0.4768   0.2465
  51       0.9987   0.4673   0.2454
  52       0.9983   0.5040   0.2637
  53       0.9984   0.5206   0.2761
  54       0.9985   0.5144   0.2716
  55       0.9996   0.4397   0.2456
  56       0.9997   0.4606   0.2568
  57       0.9998   0.4530   0.2566
  58       0.9991   0.4811   0.2781
  59       0.9993   0.4834   0.2705
  60       0.9995   0.5023   0.2766
  61       0.9988   0.5034   0.2887
  62       0.9990   0.4674   0.2729
  63       0.9992   0.4552   0.2703
  64       0.9985   0.4828   0.2807
  65       0.9987   0.5232   0.2998
  66       0.9990   0.5323   0.3058
  67       0.9983   0.4905   0.2597
  68       0.9985   0.5110   0.2745
  69       0.9987   0.5160   0.2833
  70       0.9983   0.4990   0.2619
  71       0.9984   0.4974   0.2748
  72       0.9985   0.5008   0.2853
