Example trees file.

&plot
x0 = 0
y0 = 0
xmax = 196
ymax = 196
xslope = 0
yslope = 0
bearing = 45
notrees = 1225
/

&aerodyn
zht	=	30
zpd	=	16
z0ht	=	3
/

&xy
xycoords = 0 0
0 5.76
0 11.53
0 17.29
0 23.06
0 28.82
0 34.59
0 40.35
0 46.12
0 51.88
0 57.65
0 63.41
0 69.18
0 74.94
0 80.71
0 86.47
0 92.24
0 98
0 103.76
0 109.53
0 115.29
0 121.06
0 126.82
0 132.59
0 138.35
0 144.12
0 149.88
0 155.65
0 161.41
0 167.18
0 172.94
0 178.71
0 184.47
0 190.24
0 196
5.76 0
5.76 5.76
5.76 11.53
5.76 17.29
5.76 23.06
5.76 28.82
5.76 34.59
5.76 40.35
5.76 46.12
5.76 51.88
5.76 57.65
5.76 63.41
5.76 69.18
5.76 74.94
5.76 80.71
5.76 86.47
5.76 92.24
5.76 98
5.76 103.76
5.76 109.53
5.76 115.29
5.76 121.06
5.76 126.82
5.76 132.59
5.76 138.35
5.76 144.12
5.76 149.88
5.76 155.65
5.76 161.41
5.76 167.18
5.76 172.94
5.76 178.71
5.76 184.47
5.76 190.24
5.76 196
11.53 0
11.53 5.76
11.53 11.53
11.53 17.29
11.53 23.06
11.53 28.82
11.53 34.59
11.53 40.35
11.53 46.12
11.53 51.88
11.53 57.65
11.53 63.41
11.53 69.18
11.53 74.94
11.53 80.71
11.53 86.47
11.53 92.24
11.53 98
11.53 103.76
11.53 109.53
11.53 115.29
11.53 121.06
11.53 126.82
11.53 132.59
11.53 138.35
11.53 144.12
11.53 149.88
11.53 155.65
11.53 161.41
11.53 167.18
11.53 172.94
11.53 178.71
11.53 184.47
11.53 190.24
11.53 196
17.29 0
17.29 5.76
17.29 11.53
17.29 17.29
17.29 23.06
17.29 28.82
17.29 34.59
17.29 40.35
17.29 46.12
17.29 51.88
17.29 57.65
17.29 63.41
17.29 69.18
17.29 74.94
17.29 80.71
17.29 86.47
17.29 92.24
17.29 98
17.29 103.76
17.29 109.53
17.29 115.29
17.29 121.06
17.29 126.82
17.29 132.59
17.29 138.35
17.29 144.12
17.29 149.88
17.29 155.65
17.29 161.41
17.29 167.18
17.29 172.94
17.29 178.71
17.29 184.47
17.29 190.24
17.29 196
23.06 0
23.06 5.76
23.06 11.53
23.06 17.29
23.06 23.06
23.06 28.82
23.06 34.59
23.06 40.35
23.06 46.12
23.06 51.88
23.06 57.65
23.06 63.41
23.06 69.18
23.06 74.94
23.06 80.71
23.06 86.47
23.06 92.24
23.06 98
23.06 103.76
23.06 109.53
23.06 115.29
23.06 121.06
23.06 126.82
23.06 132.59
23.06 138.35
23.06 144.12
23.06 149.88
23.06 155.65
23.06 161.41
23.06 167.18
23.06 172.94
23.06 178.71
23.06 184.47
23.06 190.24
23.06 196
28.82 0
28.82 5.76
28.82 11.53
28.82 17.29
28.82 23.06
28.82 28.82
28.82 34.59
28.82 40.35
28.82 46.12
28.82 51.88
28.82 57.65
28.82 63.41
28.82 69.18
28.82 74.94
28.82 80.71
28.82 86.47
28.82 92.24
28.82 98
28.82 103.76
28.82 109.53
28.82 115.29
28.82 121.06
28.82 126.82
28.82 132.59
28.82 138.35
28.82 144.12
28.82 149.88
28.82 155.65
28.82 161.41
28.82 167.18
28.82 172.94
28.82 178.71
28.82 184.47
28.82 190.24
28.82 196
34.59 0
34.59 5.76
34.59 11.53
34.59 17.29
34.59 23.06
34.59 28.82
34.59 34.59
34.59 40.35
34.59 46.12
34.59 51.88
34.59 57.65
34.59 63.41
34.59 69.18
34.59 74.94
34.59 80.71
34.59 86.47
34.59 92.24
34.59 98
34.59 103.76
34.59 109.53
34.59 115.29
34.59 121.06
34.59 126.82
34.59 132.59
34.59 138.35
34.59 144.12
34.59 149.88
34.59 155.65
34.59 161.41
34.59 167.18
34.59 172.94
34.59 178.71
34.59 184.47
34.59 190.24
34.59 196
40.35 0
40.35 5.76
40.35 11.53
40.35 17.29
40.35 23.06
40.35 28.82
40.35 34.59
40.35 40.35
40.35 46.12
40.35 51.88
40.35 57.65
40.35 63.41
40.35 69.18
40.35 74.94
40.35 80.71
40.35 86.47
40.35 92.24
40.35 98
40.35 103.76
40.35 109.53
40.35 115.29
40.35 121.06
40.35 126.82
40.35 132.59
40.35 138.35
40.35 144.12
40.35 149.88
40.35 155.65
40.35 161.41
40.35 167.18
40.35 172.94
40.35 178.71
40.35 184.47
40.35 190.24
40.35 196
46.12 0
46.12 5.76
46.12 11.53
46.12 17.29
46.12 23.06
46.12 28.82
46.12 34.59
46.12 40.35
46.12 46.12
46.12 51.88
46.12 57.65
46.12 63.41
46.12 69.18
46.12 74.94
46.12 80.71
46.12 86.47
46.12 92.24
46.12 98
46.12 103.76
46.12 109.53
46.12 115.29
46.12 121.06
46.12 126.82
46.12 132.59
46.12 138.35
46.12 144.12
46.12 149.88
46.12 155.65
46.12 161.41
46.12 167.18
46.12 172.94
46.12 178.71
46.12 184.47
46.12 190.24
46.12 196
51.88 0
51.88 5.76
51.88 11.53
51.88 17.29
51.88 23.06
51.88 28.82
51.88 34.59
51.88 40.35
51.88 46.12
51.88 51.88
51.88 57.65
51.88 63.41
51.88 69.18
51.88 74.94
51.88 80.71
51.88 86.47
51.88 92.24
51.88 98
51.88 103.76
51.88 109.53
51.88 115.29
51.88 121.06
51.88 126.82
51.88 132.59
51.88 138.35
51.88 144.12
51.88 149.88
51.88 155.65
51.88 161.41
51.88 167.18
51.88 172.94
51.88 178.71
51.88 184.47
51.88 190.24
51.88 196
57.65 0
57.65 5.76
57.65 11.53
57.65 17.29
57.65 23.06
57.65 28.82
57.65 34.59
57.65 40.35
57.65 46.12
57.65 51.88
57.65 57.65
57.65 63.41
57.65 69.18
57.65 74.94
57.65 80.71
57.65 86.47
57.65 92.24
57.65 98
57.65 103.76
57.65 109.53
57.65 115.29
57.65 121.06
57.65 126.82
57.65 132.59
57.65 138.35
57.65 144.12
57.65 149.88
57.65 155.65
57.65 161.41
57.65 167.18
57.65 172.94
57.65 178.71
57.65 184.47
57.65 190.24
57.65 196
63.41 0
63.41 5.76
63.41 11.53
63.41 17.29
63.41 23.06
63.41 28.82
63.41 34.59
63.41 40.35
63.41 46.12
63.41 51.88
63.41 57.65
63.41 63.41
63.41 69.18
63.41 74.94
63.41 80.71
63.41 86.47
63.41 92.24
63.41 98
63.41 103.76
63.41 109.53
63.41 115.29
63.41 121.06
63.41 126.82
63.41 132.59
63.41 138.35
63.41 144.12
63.41 149.88
63.41 155.65
63.41 161.41
63.41 167.18
63.41 172.94
63.41 178.71
63.41 184.47
63.41 190.24
63.41 196
69.18 0
69.18 5.76
69.18 11.53
69.18 17.29
69.18 23.06
69.18 28.82
69.18 34.59
69.18 40.35
69.18 46.12
69.18 51.88
69.18 57.65
69.18 63.41
69.18 69.18
69.18 74.94
69.18 80.71
69.18 86.47
69.18 92.24
69.18 98
69.18 103.76
69.18 109.53
69.18 115.29
69.18 121.06
69.18 126.82
69.18 132.59
69.18 138.35
69.18 144.12
69.18 149.88
69.18 155.65
69.18 161.41
69.18 167.18
69.18 172.94
69.18 178.71
69.18 184.47
69.18 190.24
69.18 196
74.94 0
74.94 5.76
74.94 11.53
74.94 17.29
74.94 23.06
74.94 28.82
74.94 34.59
74.94 40.35
74.94 46.12
74.94 51.88
74.94 57.65
74.94 63.41
74.94 69.18
74.94 74.94
74.94 80.71
74.94 86.47
74.94 92.24
74.94 98
74.94 103.76
74.94 109.53
74.94 115.29
74.94 121.06
74.94 126.82
74.94 132.59
74.94 138.35
74.94 144.12
74.94 149.88
74.94 155.65
74.94 161.41
74.94 167.18
74.94 172.94
74.94 178.71
74.94 184.47
74.94 190.24
74.94 196
80.71 0
80.71 5.76
80.71 11.53
80.71 17.29
80.71 23.06
80.71 28.82
80.71 34.59
80.71 40.35
80.71 46.12
80.71 51.88
80.71 57.65
80.71 63.41
80.71 69.18
80.71 74.94
80.71 80.71
80.71 86.47
80.71 92.24
80.71 98
80.71 103.76
80.71 109.53
80.71 115.29
80.71 121.06
80.71 126.82
80.71 132.59
80.71 138.35
80.71 144.12
80.71 149.88
80.71 155.65
80.71 161.41
80.71 167.18
80.71 172.94
80.71 178.71
80.71 184.47
80.71 190.24
80.71 196
86.47 0
86.47 5.76
86.47 11.53
86.47 17.29
86.47 23.06
86.47 28.82
86.47 34.59
86.47 40.35
86.47 46.12
86.47 51.88
86.47 57.65
86.47 63.41
86.47 69.18
86.47 74.94
86.47 80.71
86.47 86.47
86.47 92.24
86.47 98
86.47 103.76
86.47 109.53
86.47 115.29
86.47 121.06
86.47 126.82
86.47 132.59
86.47 138.35
86.47 144.12
86.47 149.88
86.47 155.65
86.47 161.41
86.47 167.18
86.47 172.94
86.47 178.71
86.47 184.47
86.47 190.24
86.47 196
92.24 0
92.24 5.76
92.24 11.53
92.24 17.29
92.24 23.06
92.24 28.82
92.24 34.59
92.24 40.35
92.24 46.12
92.24 51.88
92.24 57.65
92.24 63.41
92.24 69.18
92.24 74.94
92.24 80.71
92.24 86.47
92.24 92.24
92.24 98
92.24 103.76
92.24 109.53
92.24 115.29
92.24 121.06
92.24 126.82
92.24 132.59
92.24 138.35
92.24 144.12
92.24 149.88
92.24 155.65
92.24 161.41
92.24 167.18
92.24 172.94
92.24 178.71
92.24 184.47
92.24 190.24
92.24 196
98 0
98 5.76
98 11.53
98 17.29
98 23.06
98 28.82
98 34.59
98 40.35
98 46.12
98 51.88
98 57.65
98 63.41
98 69.18
98 74.94
98 80.71
98 86.47
98 92.24
98 98
98 103.76
98 109.53
98 115.29
98 121.06
98 126.82
98 132.59
98 138.35
98 144.12
98 149.88
98 155.65
98 161.41
98 167.18
98 172.94
98 178.71
98 184.47
98 190.24
98 196
103.76 0
103.76 5.76
103.76 11.53
103.76 17.29
103.76 23.06
103.76 28.82
103.76 34.59
103.76 40.35
103.76 46.12
103.76 51.88
103.76 57.65
103.76 63.41
103.76 69.18
103.76 74.94
103.76 80.71
103.76 86.47
103.76 92.24
103.76 98
103.76 103.76
103.76 109.53
103.76 115.29
103.76 121.06
103.76 126.82
103.76 132.59
103.76 138.35
103.76 144.12
103.76 149.88
103.76 155.65
103.76 161.41
103.76 167.18
103.76 172.94
103.76 178.71
103.76 184.47
103.76 190.24
103.76 196
109.53 0
109.53 5.76
109.53 11.53
109.53 17.29
109.53 23.06
109.53 28.82
109.53 34.59
109.53 40.35
109.53 46.12
109.53 51.88
109.53 57.65
109.53 63.41
109.53 69.18
109.53 74.94
109.53 80.71
109.53 86.47
109.53 92.24
109.53 98
109.53 103.76
109.53 109.53
109.53 115.29
109.53 121.06
109.53 126.82
109.53 132.59
109.53 138.35
109.53 144.12
109.53 149.88
109.53 155.65
109.53 161.41
109.53 167.18
109.53 172.94
109.53 178.71
109.53 184.47
109.53 190.24
109.53 196
115.29 0
115.29 5.76
115.29 11.53
115.29 17.29
115.29 23.06
115.29 28.82
115.29 34.59
115.29 40.35
115.29 46.12
115.29 51.88
115.29 57.65
115.29 63.41
115.29 69.18
115.29 74.94
115.29 80.71
115.29 86.47
115.29 92.24
115.29 98
115.29 103.76
115.29 109.53
115.29 115.29
115.29 121.06
115.29 126.82
115.29 132.59
115.29 138.35
115.29 144.12
115.29 149.88
115.29 155.65
115.29 161.41
115.29 167.18
115.29 172.94
115.29 178.71
115.29 184.47
115.29 190.24
115.29 196
121.06 0
121.06 5.76
121.06 11.53
121.06 17.29
121.06 23.06
121.06 28.82
121.06 34.59
121.06 40.35
121.06 46.12
121.06 51.88
121.06 57.65
121.06 63.41
121.06 69.18
121.06 74.94
121.06 80.71
121.06 86.47
121.06 92.24
121.06 98
121.06 103.76
121.06 109.53
121.06 115.29
121.06 121.06
121.06 126.82
121.06 132.59
121.06 138.35
121.06 144.12
121.06 149.88
121.06 155.65
121.06 161.41
121.06 167.18
121.06 172.94
121.06 178.71
121.06 184.47
121.06 190.24
121.06 196
126.82 0
126.82 5.76
126.82 11.53
126.82 17.29
126.82 23.06
126.82 28.82
126.82 34.59
126.82 40.35
126.82 46.12
126.82 51.88
126.82 57.65
126.82 63.41
126.82 69.18
126.82 74.94
126.82 80.71
126.82 86.47
126.82 92.24
126.82 98
126.82 103.76
126.82 109.53
126.82 115.29
126.82 121.06
126.82 126.82
126.82 132.59
126.82 138.35
126.82 144.12
126.82 149.88
126.82 155.65
126.82 161.41
126.82 167.18
126.82 172.94
126.82 178.71
126.82 184.47
126.82 190.24
126.82 196
132.59 0
132.59 5.76
132.59 11.53
132.59 17.29
132.59 23.06
132.59 28.82
132.59 34.59
132.59 40.35
132.59 46.12
132.59 51.88
132.59 57.65
132.59 63.41
132.59 69.18
132.59 74.94
132.59 80.71
132.59 86.47
132.59 92.24
132.59 98
132.59 103.76
132.59 109.53
132.59 115.29
132.59 121.06
132.59 126.82
132.59 132.59
132.59 138.35
132.59 144.12
132.59 149.88
132.59 155.65
132.59 161.41
132.59 167.18
132.59 172.94
132.59 178.71
132.59 184.47
132.59 190.24
132.59 196
138.35 0
138.35 5.76
138.35 11.53
138.35 17.29
138.35 23.06
138.35 28.82
138.35 34.59
138.35 40.35
138.35 46.12
138.35 51.88
138.35 57.65
138.35 63.41
138.35 69.18
138.35 74.94
138.35 80.71
138.35 86.47
138.35 92.24
138.35 98
138.35 103.76
138.35 109.53
138.35 115.29
138.35 121.06
138.35 126.82
138.35 132.59
138.35 138.35
138.35 144.12
138.35 149.88
138.35 155.65
138.35 161.41
138.35 167.18
138.35 172.94
138.35 178.71
138.35 184.47
138.35 190.24
138.35 196
144.12 0
144.12 5.76
144.12 11.53
144.12 17.29
144.12 23.06
144.12 28.82
144.12 34.59
144.12 40.35
144.12 46.12
144.12 51.88
144.12 57.65
144.12 63.41
144.12 69.18
144.12 74.94
144.12 80.71
144.12 86.47
144.12 92.24
144.12 98
144.12 103.76
144.12 109.53
144.12 115.29
144.12 121.06
144.12 126.82
144.12 132.59
144.12 138.35
144.12 144.12
144.12 149.88
144.12 155.65
144.12 161.41
144.12 167.18
144.12 172.94
144.12 178.71
144.12 184.47
144.12 190.24
144.12 196
149.88 0
149.88 5.76
149.88 11.53
149.88 17.29
149.88 23.06
149.88 28.82
149.88 34.59
149.88 40.35
149.88 46.12
149.88 51.88
149.88 57.65
149.88 63.41
149.88 69.18
149.88 74.94
149.88 80.71
149.88 86.47
149.88 92.24
149.88 98
149.88 103.76
149.88 109.53
149.88 115.29
149.88 121.06
149.88 126.82
149.88 132.59
149.88 138.35
149.88 144.12
149.88 149.88
149.88 155.65
149.88 161.41
149.88 167.18
149.88 172.94
149.88 178.71
149.88 184.47
149.88 190.24
149.88 196
155.65 0
155.65 5.76
155.65 11.53
155.65 17.29
155.65 23.06
155.65 28.82
155.65 34.59
155.65 40.35
155.65 46.12
155.65 51.88
155.65 57.65
155.65 63.41
155.65 69.18
155.65 74.94
155.65 80.71
155.65 86.47
155.65 92.24
155.65 98
155.65 103.76
155.65 109.53
155.65 115.29
155.65 121.06
155.65 126.82
155.65 132.59
155.65 138.35
155.65 144.12
155.65 149.88
155.65 155.65
155.65 161.41
155.65 167.18
155.65 172.94
155.65 178.71
155.65 184.47
155.65 190.24
155.65 196
161.41 0
161.41 5.76
161.41 11.53
161.41 17.29
161.41 23.06
161.41 28.82
161.41 34.59
161.41 40.35
161.41 46.12
161.41 51.88
161.41 57.65
161.41 63.41
161.41 69.18
161.41 74.94
161.41 80.71
161.41 86.47
161.41 92.24
161.41 98
161.41 103.76
161.41 109.53
161.41 115.29
161.41 121.06
161.41 126.82
161.41 132.59
161.41 138.35
161.41 144.12
161.41 149.88
161.41 155.65
161.41 161.41
161.41 167.18
161.41 172.94
161.41 178.71
161.41 184.47
161.41 190.24
161.41 196
167.18 0
167.18 5.76
167.18 11.53
167.18 17.29
167.18 23.06
167.18 28.82
167.18 34.59
167.18 40.35
167.18 46.12
167.18 51.88
167.18 57.65
167.18 63.41
167.18 69.18
167.18 74.94
167.18 80.71
167.18 86.47
167.18 92.24
167.18 98
167.18 103.76
167.18 109.53
167.18 115.29
167.18 121.06
167.18 126.82
167.18 132.59
167.18 138.35
167.18 144.12
167.18 149.88
167.18 155.65
167.18 161.41
167.18 167.18
167.18 172.94
167.18 178.71
167.18 184.47
167.18 190.24
167.18 196
172.94 0
172.94 5.76
172.94 11.53
172.94 17.29
172.94 23.06
172.94 28.82
172.94 34.59
172.94 40.35
172.94 46.12
172.94 51.88
172.94 57.65
172.94 63.41
172.94 69.18
172.94 74.94
172.94 80.71
172.94 86.47
172.94 92.24
172.94 98
172.94 103.76
172.94 109.53
172.94 115.29
172.94 121.06
172.94 126.82
172.94 132.59
172.94 138.35
172.94 144.12
172.94 149.88
172.94 155.65
172.94 161.41
172.94 167.18
172.94 172.94
172.94 178.71
172.94 184.47
172.94 190.24
172.94 196
178.71 0
178.71 5.76
178.71 11.53
178.71 17.29
178.71 23.06
178.71 28.82
178.71 34.59
178.71 40.35
178.71 46.12
178.71 51.88
178.71 57.65
178.71 63.41
178.71 69.18
178.71 74.94
178.71 80.71
178.71 86.47
178.71 92.24
178.71 98
178.71 103.76
178.71 109.53
178.71 115.29
178.71 121.06
178.71 126.82
178.71 132.59
178.71 138.35
178.71 144.12
178.71 149.88
178.71 155.65
178.71 161.41
178.71 167.18
178.71 172.94
178.71 178.71
178.71 184.47
178.71 190.24
178.71 196
184.47 0
184.47 5.76
184.47 11.53
184.47 17.29
184.47 23.06
184.47 28.82
184.47 34.59
184.47 40.35
184.47 46.12
184.47 51.88
184.47 57.65
184.47 63.41
184.47 69.18
184.47 74.94
184.47 80.71
184.47 86.47
184.47 92.24
184.47 98
184.47 103.76
184.47 109.53
184.47 115.29
184.47 121.06
184.47 126.82
184.47 132.59
184.47 138.35
184.47 144.12
184.47 149.88
184.47 155.65
184.47 161.41
184.47 167.18
184.47 172.94
184.47 178.71
184.47 184.47
184.47 190.24
184.47 196
190.24 0
190.24 5.76
190.24 11.53
190.24 17.29
190.24 23.06
190.24 28.82
190.24 34.59
190.24 40.35
190.24 46.12
190.24 51.88
190.24 57.65
190.24 63.41
190.24 69.18
190.24 74.94
190.24 80.71
190.24 86.47
190.24 92.24
190.24 98
190.24 103.76
190.24 109.53
190.24 115.29
190.24 121.06
190.24 126.82
190.24 132.59
190.24 138.35
190.24 144.12
190.24 149.88
190.24 155.65
190.24 161.41
190.24 167.18
190.24 172.94
190.24 178.71
190.24 184.47
190.24 190.24
190.24 196
196 0
196 5.76
196 11.53
196 17.29
196 23.06
196 28.82
196 34.59
196 40.35
196 46.12
196 51.88
196 57.65
196 63.41
196 69.18
196 74.94
196 80.71
196 86.47
196 92.24
196 98
196 103.76
196 109.53
196 115.29
196 121.06
196 126.82
196 132.59
196 138.35
196 144.12
196 149.88
196 155.65
196 161.41
196 167.18
196 172.94
196 178.71
196 184.47
196 190.24
196 196

/

crown	radius	in	the	x-direction.
&indivradx
nodates = 1
values = 13
13
13
13
13
13
13
13
13
13
13
13
13
13
13
13
13
13
13
13
13
13
13
13
13
13
13
13
13
13
13
13
13
13
13
13
13
13
13
13
13
13
13
13
13
13
13
13
13
13
13
13
13
13
13
13
13
13
13
13
13
13
13
13
13
13
13
13
13
13
13
13
2.5439045
2.5439045
2.5439045
2.5439045
2.5439045
2.5439045
2.5439045
2.5439045
2.5439045
2.5439045
2.5439045
2.5439045
2.5439045
2.5439045
2.5439045
2.5439045
2.5439045
2.5439045
2.5439045
2.5439045
2.5439045
2.5439045
2.5439045
2.5439045
2.5439045
2.5439045
2.5439045
2.5439045
2.5439045
2.5439045
2.5439045
13
13
13
13
2.5439045
2.5439045
2.5439045
2.5439045
2.5439045
2.5439045
2.5439045
2.5439045
2.5439045
2.5439045
2.5439045
2.5439045
2.5439045
2.5439045
2.5439045
2.5439045
2.5439045
2.5439045
2.5439045
2.5439045
2.5439045
2.5439045
2.5439045
2.5439045
2.5439045
2.5439045
2.5439045
2.5439045
2.5439045
2.5439045
2.5439045
13
13
13
13
2.5439045
2.5439045
2.5439045
2.5439045
2.5439045
2.5439045
2.5439045
2.5439045
2.5439045
2.5439045
2.5439045
2.5439045
2.5439045
2.5439045
2.5439045
2.5439045
2.5439045
2.5439045
2.5439045
2.5439045
2.5439045
2.5439045
2.5439045
2.5439045
2.5439045
2.5439045
2.5439045
2.5439045
2.5439045
2.5439045
2.5439045
13
13
13
13
2.5439045
2.5439045
2.5439045
2.5439045
2.5439045
2.5439045
2.5439045
2.5439045
2.5439045
2.5439045
2.5439045
2.5439045
2.5439045
2.5439045
2.5439045
2.5439045
2.5439045
2.5439045
2.5439045
2.5439045
2.5439045
2.5439045
2.5439045
2.5439045
2.5439045
2.5439045
2.5439045
2.5439045
2.5439045
2.5439045
2.5439045
13
13
13
13
2.5439045
2.5439045
2.5439045
2.5439045
2.5439045
2.5439045
2.5439045
2.5439045
2.5439045
2.5439045
2.5439045
2.5439045
2.5439045
2.5439045
2.5439045
2.5439045
2.5439045
2.5439045
2.5439045
2.5439045
2.5439045
2.5439045
2.5439045
2.5439045
2.5439045
2.5439045
2.5439045
2.5439045
2.5439045
2.5439045
2.5439045
13
13
13
13
2.5439045
2.5439045
2.5439045
2.5439045
2.5439045
2.5439045
2.5439045
2.5439045
2.5439045
2.5439045
2.5439045
2.5439045
2.5439045
2.5439045
2.5439045
2.5439045
2.5439045
2.5439045
2.5439045
2.5439045
2.5439045
2.5439045
2.5439045
2.5439045
2.5439045
2.5439045
2.5439045
2.5439045
2.5439045
2.5439045
2.5439045
13
13
13
13
2.5439045
2.5439045
2.5439045
2.5439045
2.5439045
2.5439045
2.5439045
2.5439045
2.5439045
2.5439045
2.5439045
2.5439045
2.5439045
2.5439045
2.5439045
2.5439045
2.5439045
2.5439045
2.5439045
2.5439045
2.5439045
2.5439045
2.5439045
2.5439045
2.5439045
2.5439045
2.5439045
2.5439045
2.5439045
2.5439045
2.5439045
13
13
13
13
2.5439045
2.5439045
2.5439045
2.5439045
2.5439045
2.5439045
2.5439045
2.5439045
2.5439045
2.5439045
2.5439045
2.5439045
2.5439045
2.5439045
2.5439045
2.5439045
2.5439045
2.5439045
2.5439045
2.5439045
2.5439045
2.5439045
2.5439045
2.5439045
2.5439045
2.5439045
2.5439045
2.5439045
2.5439045
2.5439045
2.5439045
13
13
13
13
2.5439045
2.5439045
2.5439045
2.5439045
2.5439045
2.5439045
2.5439045
2.5439045
2.5439045
2.5439045
2.5439045
2.5439045
2.5439045
2.5439045
2.5439045
2.5439045
2.5439045
2.5439045
2.5439045
2.5439045
2.5439045
2.5439045
2.5439045
2.5439045
2.5439045
2.5439045
2.5439045
2.5439045
2.5439045
2.5439045
2.5439045
13
13
13
13
2.5439045
2.5439045
2.5439045
2.5439045
2.5439045
2.5439045
2.5439045
2.5439045
2.5439045
2.5439045
2.5439045
2.5439045
2.5439045
2.5439045
2.5439045
2.5439045
2.5439045
2.5439045
2.5439045
2.5439045
2.5439045
2.5439045
2.5439045
2.5439045
2.5439045
2.5439045
2.5439045
2.5439045
2.5439045
2.5439045
2.5439045
13
13
13
13
2.5439045
2.5439045
2.5439045
2.5439045
2.5439045
2.5439045
2.5439045
2.5439045
2.5439045
2.5439045
2.5439045
2.5439045
2.5439045
2.5439045
2.5439045
2.5439045
2.5439045
2.5439045
2.5439045
2.5439045
2.5439045
2.5439045
2.5439045
2.5439045
2.5439045
2.5439045
2.5439045
2.5439045
2.5439045
2.5439045
2.5439045
13
13
13
13
2.5439045
2.5439045
2.5439045
2.5439045
2.5439045
2.5439045
2.5439045
2.5439045
2.5439045
2.5439045
2.5439045
2.5439045
2.5439045
2.5439045
2.5439045
2.5439045
2.5439045
2.5439045
2.5439045
2.5439045
2.5439045
2.5439045
2.5439045
2.5439045
2.5439045
2.5439045
2.5439045
2.5439045
2.5439045
2.5439045
2.5439045
13
13
13
13
2.5439045
2.5439045
2.5439045
2.5439045
2.5439045
2.5439045
2.5439045
2.5439045
2.5439045
2.5439045
2.5439045
2.5439045
2.5439045
2.5439045
2.5439045
2.5439045
2.5439045
2.5439045
2.5439045
2.5439045
2.5439045
2.5439045
2.5439045
2.5439045
2.5439045
2.5439045
2.5439045
2.5439045
2.5439045
2.5439045
2.5439045
13
13
13
13
2.5439045
2.5439045
2.5439045
2.5439045
2.5439045
2.5439045
2.5439045
2.5439045
2.5439045
2.5439045
2.5439045
2.5439045
2.5439045
2.5439045
2.5439045
2.5439045
2.5439045
2.5439045
2.5439045
2.5439045
2.5439045
2.5439045
2.5439045
2.5439045
2.5439045
2.5439045
2.5439045
2.5439045
2.5439045
2.5439045
2.5439045
13
13
13
13
2.5439045
2.5439045
2.5439045
2.5439045
2.5439045
2.5439045
2.5439045
2.5439045
2.5439045
2.5439045
2.5439045
2.5439045
2.5439045
2.5439045
2.5439045
2.5439045
2.5439045
2.5439045
2.5439045
2.5439045
2.5439045
2.5439045
2.5439045
2.5439045
2.5439045
2.5439045
2.5439045
2.5439045
2.5439045
2.5439045
2.5439045
13
13
13
13
2.5439045
2.5439045
2.5439045
2.5439045
2.5439045
2.5439045
2.5439045
2.5439045
2.5439045
2.5439045
2.5439045
2.5439045
2.5439045
2.5439045
2.5439045
2.5439045
2.5439045
2.5439045
2.5439045
2.5439045
2.5439045
2.5439045
2.5439045
2.5439045
2.5439045
2.5439045
2.5439045
2.5439045
2.5439045
2.5439045
2.5439045
13
13
13
13
2.5439045
2.5439045
2.5439045
2.5439045
2.5439045
2.5439045
2.5439045
2.5439045
2.5439045
2.5439045
2.5439045
2.5439045
2.5439045
2.5439045
2.5439045
2.5439045
2.5439045
2.5439045
2.5439045
2.5439045
2.5439045
2.5439045
2.5439045
2.5439045
2.5439045
2.5439045
2.5439045
2.5439045
2.5439045
2.5439045
2.5439045
13
13
13
13
2.5439045
2.5439045
2.5439045
2.5439045
2.5439045
2.5439045
2.5439045
2.5439045
2.5439045
2.5439045
2.5439045
2.5439045
2.5439045
2.5439045
2.5439045
2.5439045
2.5439045
2.5439045
2.5439045
2.5439045
2.5439045
2.5439045
2.5439045
2.5439045
2.5439045
2.5439045
2.5439045
2.5439045
2.5439045
2.5439045
2.5439045
13
13
13
13
2.5439045
2.5439045
2.5439045
2.5439045
2.5439045
2.5439045
2.5439045
2.5439045
2.5439045
2.5439045
2.5439045
2.5439045
2.5439045
2.5439045
2.5439045
2.5439045
2.5439045
2.5439045
2.5439045
2.5439045
2.5439045
2.5439045
2.5439045
2.5439045
2.5439045
2.5439045
2.5439045
2.5439045
2.5439045
2.5439045
2.5439045
13
13
13
13
2.5439045
2.5439045
2.5439045
2.5439045
2.5439045
2.5439045
2.5439045
2.5439045
2.5439045
2.5439045
2.5439045
2.5439045
2.5439045
2.5439045
2.5439045
2.5439045
2.5439045
2.5439045
2.5439045
2.5439045
2.5439045
2.5439045
2.5439045
2.5439045
2.5439045
2.5439045
2.5439045
2.5439045
2.5439045
2.5439045
2.5439045
13
13
13
13
2.5439045
2.5439045
2.5439045
2.5439045
2.5439045
2.5439045
2.5439045
2.5439045
2.5439045
2.5439045
2.5439045
2.5439045
2.5439045
2.5439045
2.5439045
2.5439045
2.5439045
2.5439045
2.5439045
2.5439045
2.5439045
2.5439045
2.5439045
2.5439045
2.5439045
2.5439045
2.5439045
2.5439045
2.5439045
2.5439045
2.5439045
13
13
13
13
2.5439045
2.5439045
2.5439045
2.5439045
2.5439045
2.5439045
2.5439045
2.5439045
2.5439045
2.5439045
2.5439045
2.5439045
2.5439045
2.5439045
2.5439045
2.5439045
2.5439045
2.5439045
2.5439045
2.5439045
2.5439045
2.5439045
2.5439045
2.5439045
2.5439045
2.5439045
2.5439045
2.5439045
2.5439045
2.5439045
2.5439045
13
13
13
13
2.5439045
2.5439045
2.5439045
2.5439045
2.5439045
2.5439045
2.5439045
2.5439045
2.5439045
2.5439045
2.5439045
2.5439045
2.5439045
2.5439045
2.5439045
2.5439045
2.5439045
2.5439045
2.5439045
2.5439045
2.5439045
2.5439045
2.5439045
2.5439045
2.5439045
2.5439045
2.5439045
2.5439045
2.5439045
2.5439045
2.5439045
13
13
13
13
2.5439045
2.5439045
2.5439045
2.5439045
2.5439045
2.5439045
2.5439045
2.5439045
2.5439045
2.5439045
2.5439045
2.5439045
2.5439045
2.5439045
2.5439045
2.5439045
2.5439045
2.5439045
2.5439045
2.5439045
2.5439045
2.5439045
2.5439045
2.5439045
2.5439045
2.5439045
2.5439045
2.5439045
2.5439045
2.5439045
2.5439045
13
13
13
13
2.5439045
2.5439045
2.5439045
2.5439045
2.5439045
2.5439045
2.5439045
2.5439045
2.5439045
2.5439045
2.5439045
2.5439045
2.5439045
2.5439045
2.5439045
2.5439045
2.5439045
2.5439045
2.5439045
2.5439045
2.5439045
2.5439045
2.5439045
2.5439045
2.5439045
2.5439045
2.5439045
2.5439045
2.5439045
2.5439045
2.5439045
13
13
13
13
2.5439045
2.5439045
2.5439045
2.5439045
2.5439045
2.5439045
2.5439045
2.5439045
2.5439045
2.5439045
2.5439045
2.5439045
2.5439045
2.5439045
2.5439045
2.5439045
2.5439045
2.5439045
2.5439045
2.5439045
2.5439045
2.5439045
2.5439045
2.5439045
2.5439045
2.5439045
2.5439045
2.5439045
2.5439045
2.5439045
2.5439045
13
13
13
13
2.5439045
2.5439045
2.5439045
2.5439045
2.5439045
2.5439045
2.5439045
2.5439045
2.5439045
2.5439045
2.5439045
2.5439045
2.5439045
2.5439045
2.5439045
2.5439045
2.5439045
2.5439045
2.5439045
2.5439045
2.5439045
2.5439045
2.5439045
2.5439045
2.5439045
2.5439045
2.5439045
2.5439045
2.5439045
2.5439045
2.5439045
13
13
13
13
2.5439045
2.5439045
2.5439045
2.5439045
2.5439045
2.5439045
2.5439045
2.5439045
2.5439045
2.5439045
2.5439045
2.5439045
2.5439045
2.5439045
2.5439045
2.5439045
2.5439045
2.5439045
2.5439045
2.5439045
2.5439045
2.5439045
2.5439045
2.5439045
2.5439045
2.5439045
2.5439045
2.5439045
2.5439045
2.5439045
2.5439045
13
13
13
13
2.5439045
2.5439045
2.5439045
2.5439045
2.5439045
2.5439045
2.5439045
2.5439045
2.5439045
2.5439045
2.5439045
2.5439045
2.5439045
2.5439045
2.5439045
2.5439045
2.5439045
2.5439045
2.5439045
2.5439045
2.5439045
2.5439045
2.5439045
2.5439045
2.5439045
2.5439045
2.5439045
2.5439045
2.5439045
2.5439045
2.5439045
13
13
13
13
2.5439045
2.5439045
2.5439045
2.5439045
2.5439045
2.5439045
2.5439045
2.5439045
2.5439045
2.5439045
2.5439045
2.5439045
2.5439045
2.5439045
2.5439045
2.5439045
2.5439045
2.5439045
2.5439045
2.5439045
2.5439045
2.5439045
2.5439045
2.5439045
2.5439045
2.5439045
2.5439045
2.5439045
2.5439045
2.5439045
2.5439045
13
13
13
13
2.5439045
2.5439045
2.5439045
2.5439045
2.5439045
2.5439045
2.5439045
2.5439045
2.5439045
2.5439045
2.5439045
2.5439045
2.5439045
2.5439045
2.5439045
2.5439045
2.5439045
2.5439045
2.5439045
2.5439045
2.5439045
2.5439045
2.5439045
2.5439045
2.5439045
2.5439045
2.5439045
2.5439045
2.5439045
2.5439045
2.5439045
13
13
13
13
13
13
13
13
13
13
13
13
13
13
13
13
13
13
13
13
13
13
13
13
13
13
13
13
13
13
13
13
13
13
13
13
13
13
13
13
13
13
13
13
13
13
13
13
13
13
13
13
13
13
13
13
13
13
13
13
13
13
13
13
13
13
13
13
13
13
13
13

/

crown	radius	in	the	y-direction.
&indivrady
nodates = 1
values = 13
13
13
13
13
13
13
13
13
13
13
13
13
13
13
13
13
13
13
13
13
13
13
13
13
13
13
13
13
13
13
13
13
13
13
13
13
13
13
13
13
13
13
13
13
13
13
13
13
13
13
13
13
13
13
13
13
13
13
13
13
13
13
13
13
13
13
13
13
13
13
13
2.5439045
2.5439045
2.5439045
2.5439045
2.5439045
2.5439045
2.5439045
2.5439045
2.5439045
2.5439045
2.5439045
2.5439045
2.5439045
2.5439045
2.5439045
2.5439045
2.5439045
2.5439045
2.5439045
2.5439045
2.5439045
2.5439045
2.5439045
2.5439045
2.5439045
2.5439045
2.5439045
2.5439045
2.5439045
2.5439045
2.5439045
13
13
13
13
2.5439045
2.5439045
2.5439045
2.5439045
2.5439045
2.5439045
2.5439045
2.5439045
2.5439045
2.5439045
2.5439045
2.5439045
2.5439045
2.5439045
2.5439045
2.5439045
2.5439045
2.5439045
2.5439045
2.5439045
2.5439045
2.5439045
2.5439045
2.5439045
2.5439045
2.5439045
2.5439045
2.5439045
2.5439045
2.5439045
2.5439045
13
13
13
13
2.5439045
2.5439045
2.5439045
2.5439045
2.5439045
2.5439045
2.5439045
2.5439045
2.5439045
2.5439045
2.5439045
2.5439045
2.5439045
2.5439045
2.5439045
2.5439045
2.5439045
2.5439045
2.5439045
2.5439045
2.5439045
2.5439045
2.5439045
2.5439045
2.5439045
2.5439045
2.5439045
2.5439045
2.5439045
2.5439045
2.5439045
13
13
13
13
2.5439045
2.5439045
2.5439045
2.5439045
2.5439045
2.5439045
2.5439045
2.5439045
2.5439045
2.5439045
2.5439045
2.5439045
2.5439045
2.5439045
2.5439045
2.5439045
2.5439045
2.5439045
2.5439045
2.5439045
2.5439045
2.5439045
2.5439045
2.5439045
2.5439045
2.5439045
2.5439045
2.5439045
2.5439045
2.5439045
2.5439045
13
13
13
13
2.5439045
2.5439045
2.5439045
2.5439045
2.5439045
2.5439045
2.5439045
2.5439045
2.5439045
2.5439045
2.5439045
2.5439045
2.5439045
2.5439045
2.5439045
2.5439045
2.5439045
2.5439045
2.5439045
2.5439045
2.5439045
2.5439045
2.5439045
2.5439045
2.5439045
2.5439045
2.5439045
2.5439045
2.5439045
2.5439045
2.5439045
13
13
13
13
2.5439045
2.5439045
2.5439045
2.5439045
2.5439045
2.5439045
2.5439045
2.5439045
2.5439045
2.5439045
2.5439045
2.5439045
2.5439045
2.5439045
2.5439045
2.5439045
2.5439045
2.5439045
2.5439045
2.5439045
2.5439045
2.5439045
2.5439045
2.5439045
2.5439045
2.5439045
2.5439045
2.5439045
2.5439045
2.5439045
2.5439045
13
13
13
13
2.5439045
2.5439045
2.5439045
2.5439045
2.5439045
2.5439045
2.5439045
2.5439045
2.5439045
2.5439045
2.5439045
2.5439045
2.5439045
2.5439045
2.5439045
2.5439045
2.5439045
2.5439045
2.5439045
2.5439045
2.5439045
2.5439045
2.5439045
2.5439045
2.5439045
2.5439045
2.5439045
2.5439045
2.5439045
2.5439045
2.5439045
13
13
13
13
2.5439045
2.5439045
2.5439045
2.5439045
2.5439045
2.5439045
2.5439045
2.5439045
2.5439045
2.5439045
2.5439045
2.5439045
2.5439045
2.5439045
2.5439045
2.5439045
2.5439045
2.5439045
2.5439045
2.5439045
2.5439045
2.5439045
2.5439045
2.5439045
2.5439045
2.5439045
2.5439045
2.5439045
2.5439045
2.5439045
2.5439045
13
13
13
13
2.5439045
2.5439045
2.5439045
2.5439045
2.5439045
2.5439045
2.5439045
2.5439045
2.5439045
2.5439045
2.5439045
2.5439045
2.5439045
2.5439045
2.5439045
2.5439045
2.5439045
2.5439045
2.5439045
2.5439045
2.5439045
2.5439045
2.5439045
2.5439045
2.5439045
2.5439045
2.5439045
2.5439045
2.5439045
2.5439045
2.5439045
13
13
13
13
2.5439045
2.5439045
2.5439045
2.5439045
2.5439045
2.5439045
2.5439045
2.5439045
2.5439045
2.5439045
2.5439045
2.5439045
2.5439045
2.5439045
2.5439045
2.5439045
2.5439045
2.5439045
2.5439045
2.5439045
2.5439045
2.5439045
2.5439045
2.5439045
2.5439045
2.5439045
2.5439045
2.5439045
2.5439045
2.5439045
2.5439045
13
13
13
13
2.5439045
2.5439045
2.5439045
2.5439045
2.5439045
2.5439045
2.5439045
2.5439045
2.5439045
2.5439045
2.5439045
2.5439045
2.5439045
2.5439045
2.5439045
2.5439045
2.5439045
2.5439045
2.5439045
2.5439045
2.5439045
2.5439045
2.5439045
2.5439045
2.5439045
2.5439045
2.5439045
2.5439045
2.5439045
2.5439045
2.5439045
13
13
13
13
2.5439045
2.5439045
2.5439045
2.5439045
2.5439045
2.5439045
2.5439045
2.5439045
2.5439045
2.5439045
2.5439045
2.5439045
2.5439045
2.5439045
2.5439045
2.5439045
2.5439045
2.5439045
2.5439045
2.5439045
2.5439045
2.5439045
2.5439045
2.5439045
2.5439045
2.5439045
2.5439045
2.5439045
2.5439045
2.5439045
2.5439045
13
13
13
13
2.5439045
2.5439045
2.5439045
2.5439045
2.5439045
2.5439045
2.5439045
2.5439045
2.5439045
2.5439045
2.5439045
2.5439045
2.5439045
2.5439045
2.5439045
2.5439045
2.5439045
2.5439045
2.5439045
2.5439045
2.5439045
2.5439045
2.5439045
2.5439045
2.5439045
2.5439045
2.5439045
2.5439045
2.5439045
2.5439045
2.5439045
13
13
13
13
2.5439045
2.5439045
2.5439045
2.5439045
2.5439045
2.5439045
2.5439045
2.5439045
2.5439045
2.5439045
2.5439045
2.5439045
2.5439045
2.5439045
2.5439045
2.5439045
2.5439045
2.5439045
2.5439045
2.5439045
2.5439045
2.5439045
2.5439045
2.5439045
2.5439045
2.5439045
2.5439045
2.5439045
2.5439045
2.5439045
2.5439045
13
13
13
13
2.5439045
2.5439045
2.5439045
2.5439045
2.5439045
2.5439045
2.5439045
2.5439045
2.5439045
2.5439045
2.5439045
2.5439045
2.5439045
2.5439045
2.5439045
2.5439045
2.5439045
2.5439045
2.5439045
2.5439045
2.5439045
2.5439045
2.5439045
2.5439045
2.5439045
2.5439045
2.5439045
2.5439045
2.5439045
2.5439045
2.5439045
13
13
13
13
2.5439045
2.5439045
2.5439045
2.5439045
2.5439045
2.5439045
2.5439045
2.5439045
2.5439045
2.5439045
2.5439045
2.5439045
2.5439045
2.5439045
2.5439045
2.5439045
2.5439045
2.5439045
2.5439045
2.5439045
2.5439045
2.5439045
2.5439045
2.5439045
2.5439045
2.5439045
2.5439045
2.5439045
2.5439045
2.5439045
2.5439045
13
13
13
13
2.5439045
2.5439045
2.5439045
2.5439045
2.5439045
2.5439045
2.5439045
2.5439045
2.5439045
2.5439045
2.5439045
2.5439045
2.5439045
2.5439045
2.5439045
2.5439045
2.5439045
2.5439045
2.5439045
2.5439045
2.5439045
2.5439045
2.5439045
2.5439045
2.5439045
2.5439045
2.5439045
2.5439045
2.5439045
2.5439045
2.5439045
13
13
13
13
2.5439045
2.5439045
2.5439045
2.5439045
2.5439045
2.5439045
2.5439045
2.5439045
2.5439045
2.5439045
2.5439045
2.5439045
2.5439045
2.5439045
2.5439045
2.5439045
2.5439045
2.5439045
2.5439045
2.5439045
2.5439045
2.5439045
2.5439045
2.5439045
2.5439045
2.5439045
2.5439045
2.5439045
2.5439045
2.5439045
2.5439045
13
13
13
13
2.5439045
2.5439045
2.5439045
2.5439045
2.5439045
2.5439045
2.5439045
2.5439045
2.5439045
2.5439045
2.5439045
2.5439045
2.5439045
2.5439045
2.5439045
2.5439045
2.5439045
2.5439045
2.5439045
2.5439045
2.5439045
2.5439045
2.5439045
2.5439045
2.5439045
2.5439045
2.5439045
2.5439045
2.5439045
2.5439045
2.5439045
13
13
13
13
2.5439045
2.5439045
2.5439045
2.5439045
2.5439045
2.5439045
2.5439045
2.5439045
2.5439045
2.5439045
2.5439045
2.5439045
2.5439045
2.5439045
2.5439045
2.5439045
2.5439045
2.5439045
2.5439045
2.5439045
2.5439045
2.5439045
2.5439045
2.5439045
2.5439045
2.5439045
2.5439045
2.5439045
2.5439045
2.5439045
2.5439045
13
13
13
13
2.5439045
2.5439045
2.5439045
2.5439045
2.5439045
2.5439045
2.5439045
2.5439045
2.5439045
2.5439045
2.5439045
2.5439045
2.5439045
2.5439045
2.5439045
2.5439045
2.5439045
2.5439045
2.5439045
2.5439045
2.5439045
2.5439045
2.5439045
2.5439045
2.5439045
2.5439045
2.5439045
2.5439045
2.5439045
2.5439045
2.5439045
13
13
13
13
2.5439045
2.5439045
2.5439045
2.5439045
2.5439045
2.5439045
2.5439045
2.5439045
2.5439045
2.5439045
2.5439045
2.5439045
2.5439045
2.5439045
2.5439045
2.5439045
2.5439045
2.5439045
2.5439045
2.5439045
2.5439045
2.5439045
2.5439045
2.5439045
2.5439045
2.5439045
2.5439045
2.5439045
2.5439045
2.5439045
2.5439045
13
13
13
13
2.5439045
2.5439045
2.5439045
2.5439045
2.5439045
2.5439045
2.5439045
2.5439045
2.5439045
2.5439045
2.5439045
2.5439045
2.5439045
2.5439045
2.5439045
2.5439045
2.5439045
2.5439045
2.5439045
2.5439045
2.5439045
2.5439045
2.5439045
2.5439045
2.5439045
2.5439045
2.5439045
2.5439045
2.5439045
2.5439045
2.5439045
13
13
13
13
2.5439045
2.5439045
2.5439045
2.5439045
2.5439045
2.5439045
2.5439045
2.5439045
2.5439045
2.5439045
2.5439045
2.5439045
2.5439045
2.5439045
2.5439045
2.5439045
2.5439045
2.5439045
2.5439045
2.5439045
2.5439045
2.5439045
2.5439045
2.5439045
2.5439045
2.5439045
2.5439045
2.5439045
2.5439045
2.5439045
2.5439045
13
13
13
13
2.5439045
2.5439045
2.5439045
2.5439045
2.5439045
2.5439045
2.5439045
2.5439045
2.5439045
2.5439045
2.5439045
2.5439045
2.5439045
2.5439045
2.5439045
2.5439045
2.5439045
2.5439045
2.5439045
2.5439045
2.5439045
2.5439045
2.5439045
2.5439045
2.5439045
2.5439045
2.5439045
2.5439045
2.5439045
2.5439045
2.5439045
13
13
13
13
2.5439045
2.5439045
2.5439045
2.5439045
2.5439045
2.5439045
2.5439045
2.5439045
2.5439045
2.5439045
2.5439045
2.5439045
2.5439045
2.5439045
2.5439045
2.5439045
2.5439045
2.5439045
2.5439045
2.5439045
2.5439045
2.5439045
2.5439045
2.5439045
2.5439045
2.5439045
2.5439045
2.5439045
2.5439045
2.5439045
2.5439045
13
13
13
13
2.5439045
2.5439045
2.5439045
2.5439045
2.5439045
2.5439045
2.5439045
2.5439045
2.5439045
2.5439045
2.5439045
2.5439045
2.5439045
2.5439045
2.5439045
2.5439045
2.5439045
2.5439045
2.5439045
2.5439045
2.5439045
2.5439045
2.5439045
2.5439045
2.5439045
2.5439045
2.5439045
2.5439045
2.5439045
2.5439045
2.5439045
13
13
13
13
2.5439045
2.5439045
2.5439045
2.5439045
2.5439045
2.5439045
2.5439045
2.5439045
2.5439045
2.5439045
2.5439045
2.5439045
2.5439045
2.5439045
2.5439045
2.5439045
2.5439045
2.5439045
2.5439045
2.5439045
2.5439045
2.5439045
2.5439045
2.5439045
2.5439045
2.5439045
2.5439045
2.5439045
2.5439045
2.5439045
2.5439045
13
13
13
13
2.5439045
2.5439045
2.5439045
2.5439045
2.5439045
2.5439045
2.5439045
2.5439045
2.5439045
2.5439045
2.5439045
2.5439045
2.5439045
2.5439045
2.5439045
2.5439045
2.5439045
2.5439045
2.5439045
2.5439045
2.5439045
2.5439045
2.5439045
2.5439045
2.5439045
2.5439045
2.5439045
2.5439045
2.5439045
2.5439045
2.5439045
13
13
13
13
2.5439045
2.5439045
2.5439045
2.5439045
2.5439045
2.5439045
2.5439045
2.5439045
2.5439045
2.5439045
2.5439045
2.5439045
2.5439045
2.5439045
2.5439045
2.5439045
2.5439045
2.5439045
2.5439045
2.5439045
2.5439045
2.5439045
2.5439045
2.5439045
2.5439045
2.5439045
2.5439045
2.5439045
2.5439045
2.5439045
2.5439045
13
13
13
13
2.5439045
2.5439045
2.5439045
2.5439045
2.5439045
2.5439045
2.5439045
2.5439045
2.5439045
2.5439045
2.5439045
2.5439045
2.5439045
2.5439045
2.5439045
2.5439045
2.5439045
2.5439045
2.5439045
2.5439045
2.5439045
2.5439045
2.5439045
2.5439045
2.5439045
2.5439045
2.5439045
2.5439045
2.5439045
2.5439045
2.5439045
13
13
13
13
13
13
13
13
13
13
13
13
13
13
13
13
13
13
13
13
13
13
13
13
13
13
13
13
13
13
13
13
13
13
13
13
13
13
13
13
13
13
13
13
13
13
13
13
13
13
13
13
13
13
13
13
13
13
13
13
13
13
13
13
13
13
13
13
13
13
13
13

/

crown	height	for	each	tree.
&indivhtcrown
nodates = 1
values = 21.359762
21.359762
21.359762
21.359762
21.359762
21.359762
21.359762
21.359762
21.359762
21.359762
21.359762
21.359762
21.359762
21.359762
21.359762
21.359762
21.359762
21.359762
21.359762
21.359762
21.359762
21.359762
21.359762
21.359762
21.359762
21.359762
21.359762
21.359762
21.359762
21.359762
21.359762
21.359762
21.359762
21.359762
21.359762
21.359762
21.359762
21.359762
21.359762
21.359762
21.359762
21.359762
21.359762
21.359762
21.359762
21.359762
21.359762
21.359762
21.359762
21.359762
21.359762
21.359762
21.359762
21.359762
21.359762
21.359762
21.359762
21.359762
21.359762
21.359762
21.359762
21.359762
21.359762
21.359762
21.359762
21.359762
21.359762
21.359762
21.359762
21.359762
21.359762
21.359762
6.359762
6.359762
6.359762
6.359762
6.359762
6.359762
6.359762
6.359762
6.359762
6.359762
6.359762
6.359762
6.359762
6.359762
6.359762
6.359762
6.359762
6.359762
6.359762
6.359762
6.359762
6.359762
6.359762
6.359762
6.359762
6.359762
6.359762
6.359762
6.359762
6.359762
6.359762
21.359762
21.359762
21.359762
21.359762
6.359762
6.359762
6.359762
6.359762
6.359762
6.359762
6.359762
6.359762
6.359762
6.359762
6.359762
6.359762
6.359762
6.359762
6.359762
6.359762
6.359762
6.359762
6.359762
6.359762
6.359762
6.359762
6.359762
6.359762
6.359762
6.359762
6.359762
6.359762
6.359762
6.359762
6.359762
21.359762
21.359762
21.359762
21.359762
6.359762
6.359762
6.359762
6.359762
6.359762
6.359762
6.359762
6.359762
6.359762
6.359762
6.359762
6.359762
6.359762
6.359762
6.359762
6.359762
6.359762
6.359762
6.359762
6.359762
6.359762
6.359762
6.359762
6.359762
6.359762
6.359762
6.359762
6.359762
6.359762
6.359762
6.359762
21.359762
21.359762
21.359762
21.359762
6.359762
6.359762
6.359762
6.359762
6.359762
6.359762
6.359762
6.359762
6.359762
6.359762
6.359762
6.359762
6.359762
6.359762
6.359762
6.359762
6.359762
6.359762
6.359762
6.359762
6.359762
6.359762
6.359762
6.359762
6.359762
6.359762
6.359762
6.359762
6.359762
6.359762
6.359762
21.359762
21.359762
21.359762
21.359762
6.359762
6.359762
6.359762
6.359762
6.359762
6.359762
6.359762
6.359762
6.359762
6.359762
6.359762
6.359762
6.359762
6.359762
6.359762
6.359762
6.359762
6.359762
6.359762
6.359762
6.359762
6.359762
6.359762
6.359762
6.359762
6.359762
6.359762
6.359762
6.359762
6.359762
6.359762
21.359762
21.359762
21.359762
21.359762
6.359762
6.359762
6.359762
6.359762
6.359762
6.359762
6.359762
6.359762
6.359762
6.359762
6.359762
6.359762
6.359762
6.359762
6.359762
6.359762
6.359762
6.359762
6.359762
6.359762
6.359762
6.359762
6.359762
6.359762
6.359762
6.359762
6.359762
6.359762
6.359762
6.359762
6.359762
21.359762
21.359762
21.359762
21.359762
6.359762
6.359762
6.359762
6.359762
6.359762
6.359762
6.359762
6.359762
6.359762
6.359762
6.359762
6.359762
6.359762
6.359762
6.359762
6.359762
6.359762
6.359762
6.359762
6.359762
6.359762
6.359762
6.359762
6.359762
6.359762
6.359762
6.359762
6.359762
6.359762
6.359762
6.359762
21.359762
21.359762
21.359762
21.359762
6.359762
6.359762
6.359762
6.359762
6.359762
6.359762
6.359762
6.359762
6.359762
6.359762
6.359762
6.359762
6.359762
6.359762
6.359762
6.359762
6.359762
6.359762
6.359762
6.359762
6.359762
6.359762
6.359762
6.359762
6.359762
6.359762
6.359762
6.359762
6.359762
6.359762
6.359762
21.359762
21.359762
21.359762
21.359762
6.359762
6.359762
6.359762
6.359762
6.359762
6.359762
6.359762
6.359762
6.359762
6.359762
6.359762
6.359762
6.359762
6.359762
6.359762
6.359762
6.359762
6.359762
6.359762
6.359762
6.359762
6.359762
6.359762
6.359762
6.359762
6.359762
6.359762
6.359762
6.359762
6.359762
6.359762
21.359762
21.359762
21.359762
21.359762
6.359762
6.359762
6.359762
6.359762
6.359762
6.359762
6.359762
6.359762
6.359762
6.359762
6.359762
6.359762
6.359762
6.359762
6.359762
6.359762
6.359762
6.359762
6.359762
6.359762
6.359762
6.359762
6.359762
6.359762
6.359762
6.359762
6.359762
6.359762
6.359762
6.359762
6.359762
21.359762
21.359762
21.359762
21.359762
6.359762
6.359762
6.359762
6.359762
6.359762
6.359762
6.359762
6.359762
6.359762
6.359762
6.359762
6.359762
6.359762
6.359762
6.359762
6.359762
6.359762
6.359762
6.359762
6.359762
6.359762
6.359762
6.359762
6.359762
6.359762
6.359762
6.359762
6.359762
6.359762
6.359762
6.359762
21.359762
21.359762
21.359762
21.359762
6.359762
6.359762
6.359762
6.359762
6.359762
6.359762
6.359762
6.359762
6.359762
6.359762
6.359762
6.359762
6.359762
6.359762
6.359762
6.359762
6.359762
6.359762
6.359762
6.359762
6.359762
6.359762
6.359762
6.359762
6.359762
6.359762
6.359762
6.359762
6.359762
6.359762
6.359762
21.359762
21.359762
21.359762
21.359762
6.359762
6.359762
6.359762
6.359762
6.359762
6.359762
6.359762
6.359762
6.359762
6.359762
6.359762
6.359762
6.359762
6.359762
6.359762
6.359762
6.359762
6.359762
6.359762
6.359762
6.359762
6.359762
6.359762
6.359762
6.359762
6.359762
6.359762
6.359762
6.359762
6.359762
6.359762
21.359762
21.359762
21.359762
21.359762
6.359762
6.359762
6.359762
6.359762
6.359762
6.359762
6.359762
6.359762
6.359762
6.359762
6.359762
6.359762
6.359762
6.359762
6.359762
6.359762
6.359762
6.359762
6.359762
6.359762
6.359762
6.359762
6.359762
6.359762
6.359762
6.359762
6.359762
6.359762
6.359762
6.359762
6.359762
21.359762
21.359762
21.359762
21.359762
6.359762
6.359762
6.359762
6.359762
6.359762
6.359762
6.359762
6.359762
6.359762
6.359762
6.359762
6.359762
6.359762
6.359762
6.359762
6.359762
6.359762
6.359762
6.359762
6.359762
6.359762
6.359762
6.359762
6.359762
6.359762
6.359762
6.359762
6.359762
6.359762
6.359762
6.359762
21.359762
21.359762
21.359762
21.359762
6.359762
6.359762
6.359762
6.359762
6.359762
6.359762
6.359762
6.359762
6.359762
6.359762
6.359762
6.359762
6.359762
6.359762
6.359762
6.359762
6.359762
6.359762
6.359762
6.359762
6.359762
6.359762
6.359762
6.359762
6.359762
6.359762
6.359762
6.359762
6.359762
6.359762
6.359762
21.359762
21.359762
21.359762
21.359762
6.359762
6.359762
6.359762
6.359762
6.359762
6.359762
6.359762
6.359762
6.359762
6.359762
6.359762
6.359762
6.359762
6.359762
6.359762
6.359762
6.359762
6.359762
6.359762
6.359762
6.359762
6.359762
6.359762
6.359762
6.359762
6.359762
6.359762
6.359762
6.359762
6.359762
6.359762
21.359762
21.359762
21.359762
21.359762
6.359762
6.359762
6.359762
6.359762
6.359762
6.359762
6.359762
6.359762
6.359762
6.359762
6.359762
6.359762
6.359762
6.359762
6.359762
6.359762
6.359762
6.359762
6.359762
6.359762
6.359762
6.359762
6.359762
6.359762
6.359762
6.359762
6.359762
6.359762
6.359762
6.359762
6.359762
21.359762
21.359762
21.359762
21.359762
6.359762
6.359762
6.359762
6.359762
6.359762
6.359762
6.359762
6.359762
6.359762
6.359762
6.359762
6.359762
6.359762
6.359762
6.359762
6.359762
6.359762
6.359762
6.359762
6.359762
6.359762
6.359762
6.359762
6.359762
6.359762
6.359762
6.359762
6.359762
6.359762
6.359762
6.359762
21.359762
21.359762
21.359762
21.359762
6.359762
6.359762
6.359762
6.359762
6.359762
6.359762
6.359762
6.359762
6.359762
6.359762
6.359762
6.359762
6.359762
6.359762
6.359762
6.359762
6.359762
6.359762
6.359762
6.359762
6.359762
6.359762
6.359762
6.359762
6.359762
6.359762
6.359762
6.359762
6.359762
6.359762
6.359762
21.359762
21.359762
21.359762
21.359762
6.359762
6.359762
6.359762
6.359762
6.359762
6.359762
6.359762
6.359762
6.359762
6.359762
6.359762
6.359762
6.359762
6.359762
6.359762
6.359762
6.359762
6.359762
6.359762
6.359762
6.359762
6.359762
6.359762
6.359762
6.359762
6.359762
6.359762
6.359762
6.359762
6.359762
6.359762
21.359762
21.359762
21.359762
21.359762
6.359762
6.359762
6.359762
6.359762
6.359762
6.359762
6.359762
6.359762
6.359762
6.359762
6.359762
6.359762
6.359762
6.359762
6.359762
6.359762
6.359762
6.359762
6.359762
6.359762
6.359762
6.359762
6.359762
6.359762
6.359762
6.359762
6.359762
6.359762
6.359762
6.359762
6.359762
21.359762
21.359762
21.359762
21.359762
6.359762
6.359762
6.359762
6.359762
6.359762
6.359762
6.359762
6.359762
6.359762
6.359762
6.359762
6.359762
6.359762
6.359762
6.359762
6.359762
6.359762
6.359762
6.359762
6.359762
6.359762
6.359762
6.359762
6.359762
6.359762
6.359762
6.359762
6.359762
6.359762
6.359762
6.359762
21.359762
21.359762
21.359762
21.359762
6.359762
6.359762
6.359762
6.359762
6.359762
6.359762
6.359762
6.359762
6.359762
6.359762
6.359762
6.359762
6.359762
6.359762
6.359762
6.359762
6.359762
6.359762
6.359762
6.359762
6.359762
6.359762
6.359762
6.359762
6.359762
6.359762
6.359762
6.359762
6.359762
6.359762
6.359762
21.359762
21.359762
21.359762
21.359762
6.359762
6.359762
6.359762
6.359762
6.359762
6.359762
6.359762
6.359762
6.359762
6.359762
6.359762
6.359762
6.359762
6.359762
6.359762
6.359762
6.359762
6.359762
6.359762
6.359762
6.359762
6.359762
6.359762
6.359762
6.359762
6.359762
6.359762
6.359762
6.359762
6.359762
6.359762
21.359762
21.359762
21.359762
21.359762
6.359762
6.359762
6.359762
6.359762
6.359762
6.359762
6.359762
6.359762
6.359762
6.359762
6.359762
6.359762
6.359762
6.359762
6.359762
6.359762
6.359762
6.359762
6.359762
6.359762
6.359762
6.359762
6.359762
6.359762
6.359762
6.359762
6.359762
6.359762
6.359762
6.359762
6.359762
21.359762
21.359762
21.359762
21.359762
6.359762
6.359762
6.359762
6.359762
6.359762
6.359762
6.359762
6.359762
6.359762
6.359762
6.359762
6.359762
6.359762
6.359762
6.359762
6.359762
6.359762
6.359762
6.359762
6.359762
6.359762
6.359762
6.359762
6.359762
6.359762
6.359762
6.359762
6.359762
6.359762
6.359762
6.359762
21.359762
21.359762
21.359762
21.359762
6.359762
6.359762
6.359762
6.359762
6.359762
6.359762
6.359762
6.359762
6.359762
6.359762
6.359762
6.359762
6.359762
6.359762
6.359762
6.359762
6.359762
6.359762
6.359762
6.359762
6.359762
6.359762
6.359762
6.359762
6.359762
6.359762
6.359762
6.359762
6.359762
6.359762
6.359762
21.359762
21.359762
21.359762
21.359762
6.359762
6.359762
6.359762
6.359762
6.359762
6.359762
6.359762
6.359762
6.359762
6.359762
6.359762
6.359762
6.359762
6.359762
6.359762
6.359762
6.359762
6.359762
6.359762
6.359762
6.359762
6.359762
6.359762
6.359762
6.359762
6.359762
6.359762
6.359762
6.359762
6.359762
6.359762
21.359762
21.359762
21.359762
21.359762
6.359762
6.359762
6.359762
6.359762
6.359762
6.359762
6.359762
6.359762
6.359762
6.359762
6.359762
6.359762
6.359762
6.359762
6.359762
6.359762
6.359762
6.359762
6.359762
6.359762
6.359762
6.359762
6.359762
6.359762
6.359762
6.359762
6.359762
6.359762
6.359762
6.359762
6.359762
21.359762
21.359762
21.359762
21.359762
6.359762
6.359762
6.359762
6.359762
6.359762
6.359762
6.359762
6.359762
6.359762
6.359762
6.359762
6.359762
6.359762
6.359762
6.359762
6.359762
6.359762
6.359762
6.359762
6.359762
6.359762
6.359762
6.359762
6.359762
6.359762
6.359762
6.359762
6.359762
6.359762
6.359762
6.359762
21.359762
21.359762
21.359762
21.359762
21.359762
21.359762
21.359762
21.359762
21.359762
21.359762
21.359762
21.359762
21.359762
21.359762
21.359762
21.359762
21.359762
21.359762
21.359762
21.359762
21.359762
21.359762
21.359762
21.359762
21.359762
21.359762
21.359762
21.359762
21.359762
21.359762
21.359762
21.359762
21.359762
21.359762
21.359762
21.359762
21.359762
21.359762
21.359762
21.359762
21.359762
21.359762
21.359762
21.359762
21.359762
21.359762
21.359762
21.359762
21.359762
21.359762
21.359762
21.359762
21.359762
21.359762
21.359762
21.359762
21.359762
21.359762
21.359762
21.359762
21.359762
21.359762
21.359762
21.359762
21.359762
21.359762
21.359762
21.359762
21.359762
21.359762
21.359762
21.359762

/

stem	diameter	for	each	tree
&indivdiam
nodates = 1
values = 0.3 0.3 0.3 0.3 0.3 0.3 0.3 0.3 0.3 0.3 0.3 0.3 0.3 0.3 0.3 0.3 0.3 0.3 0.3 0.3 0.3 0.3 0.3 0.3 0.3 0.3 0.3 0.3 0.3 0.3 0.3 0.3 0.3 0.3 0.3 0.3 0.3 0.3 0.3 0.3 0.3 0.3 0.3 0.3 0.3 0.3 0.3 0.3 0.3 0.3 0.3 0.3 0.3 0.3 0.3 0.3 0.3 0.3 0.3 0.3 0.3 0.3 0.3 0.3 0.3 0.3 0.3 0.3 0.3 0.3 0.3 0.3 0.3 0.3 0.3 0.3 0.3 0.3 0.3 0.3 0.3 0.3 0.3 0.3 0.3 0.3 0.3 0.3 0.3 0.3 0.3 0.3 0.3 0.3 0.3 0.3 0.3 0.3 0.3 0.3 0.3 0.3 0.3 0.3 0.3 0.3 0.3 0.3 0.3 0.3 0.3 0.3 0.3 0.3 0.3 0.3 0.3 0.3 0.3 0.3 0.3 0.3 0.3 0.3 0.3 0.3 0.3 0.3 0.3 0.3 0.3 0.3 0.3 0.3 0.3 0.3 0.3 0.3 0.3 0.3 0.3 0.3 0.3 0.3 0.3 0.3 0.3 0.3 0.3 0.3 0.3 0.3 0.3 0.3 0.3 0.3 0.3 0.3 0.3 0.3 0.3 0.3 0.3 0.3 0.3 0.3 0.3 0.3 0.3 0.3 0.3 0.3 0.3 0.3 0.3 0.3 0.3 0.3 0.3 0.3 0.3 0.3 0.3 0.3 0.3 0.3 0.3 0.3 0.3 0.3 0.3 0.3 0.3 0.3 0.3 0.3 0.3 0.3 0.3 0.3 0.3 0.3 0.3 0.3 0.3 0.3 0.3 0.3 0.3 0.3 0.3 0.3 0.3 0.3 0.3 0.3 0.3 0.3 0.3 0.3 0.3 0.3 0.3 0.3 0.3 0.3 0.3 0.3 0.3 0.3 0.3 0.3 0.3 0.3 0.3 0.3 0.3 0.3 0.3 0.3 0.3 0.3 0.3 0.3 0.3 0.3 0.3 0.3 0.3 0.3 0.3 0.3 0.3 0.3 0.3 0.3 0.3 0.3 0.3 0.3 0.3 0.3 0.3 0.3 0.3 0.3 0.3 0.3 0.3 0.3 0.3 0.3 0.3 0.3 0.3 0.3 0.3 0.3 0.3 0.3 0.3 0.3 0.3 0.3 0.3 0.3 0.3 0.3 0.3 0.3 0.3 0.3 0.3 0.3 0.3 0.3 0.3 0.3 0.3 0.3 0.3 0.3 0.3 0.3 0.3 0.3 0.3 0.3 0.3 0.3 0.3 0.3 0.3 0.3 0.3 0.3 0.3 0.3 0.3 0.3 0.3 0.3 0.3 0.3 0.3 0.3 0.3 0.3 0.3 0.3 0.3 0.3 0.3 0.3 0.3 0.3 0.3 0.3 0.3 0.3 0.3 0.3 0.3 0.3 0.3 0.3 0.3 0.3 0.3 0.3 0.3 0.3 0.3 0.3 0.3 0.3 0.3 0.3 0.3 0.3 0.3 0.3 0.3 0.3 0.3 0.3 0.3 0.3 0.3 0.3 0.3 0.3 0.3 0.3 0.3 0.3 0.3 0.3 0.3 0.3 0.3 0.3 0.3 0.3 0.3 0.3 0.3 0.3 0.3 0.3 0.3 0.3 0.3 0.3 0.3 0.3 0.3 0.3 0.3 0.3 0.3 0.3 0.3 0.3 0.3 0.3 0.3 0.3 0.3 0.3 0.3 0.3 0.3 0.3 0.3 0.3 0.3 0.3 0.3 0.3 0.3 0.3 0.3 0.3 0.3 0.3 0.3 0.3 0.3 0.3 0.3 0.3 0.3 0.3 0.3 0.3 0.3 0.3 0.3 0.3 0.3 0.3 0.3 0.3 0.3 0.3 0.3 0.3 0.3 0.3 0.3 0.3 0.3 0.3 0.3 0.3 0.3 0.3 0.3 0.3 0.3 0.3 0.3 0.3 0.3 0.3 0.3 0.3 0.3 0.3 0.3 0.3 0.3 0.3 0.3 0.3 0.3 0.3 0.3 0.3 0.3 0.3 0.3 0.3 0.3 0.3 0.3 0.3 0.3 0.3 0.3 0.3 0.3 0.3 0.3 0.3 0.3 0.3 0.3 0.3 0.3 0.3 0.3 0.3 0.3 0.3 0.3 0.3 0.3 0.3 0.3 0.3 0.3 0.3 0.3 0.3 0.3 0.3 0.3 0.3 0.3 0.3 0.3 0.3 0.3 0.3 0.3 0.3 0.3 0.3 0.3 0.3 0.3 0.3 0.3 0.3 0.3 0.3 0.3 0.3 0.3 0.3 0.3 0.3 0.3 0.3 0.3 0.3 0.3 0.3 0.3 0.3 0.3 0.3 0.3 0.3 0.3 0.3 0.3 0.3 0.3 0.3 0.3 0.3 0.3 0.3 0.3 0.3 0.3 0.3 0.3 0.3 0.3 0.3 0.3 0.3 0.3 0.3 0.3 0.3 0.3 0.3 0.3 0.3 0.3 0.3 0.3 0.3 0.3 0.3 0.3 0.3 0.3 0.3 0.3 0.3 0.3 0.3 0.3 0.3 0.3 0.3 0.3 0.3 0.3 0.3 0.3 0.3 0.3 0.3 0.3 0.3 0.3 0.3 0.3 0.3 0.3 0.3 0.3 0.3 0.3 0.3 0.3 0.3 0.3 0.3 0.3 0.3 0.3 0.3 0.3 0.3 0.3 0.3 0.3 0.3 0.3 0.3 0.3 0.3 0.3 0.3 0.3 0.3 0.3 0.3 0.3 0.3 0.3 0.3 0.3 0.3 0.3 0.3 0.3 0.3 0.3 0.3 0.3 0.3 0.3 0.3 0.3 0.3 0.3 0.3 0.3 0.3 0.3 0.3 0.3 0.3 0.3 0.3 0.3 0.3 0.3 0.3 0.3 0.3 0.3 0.3 0.3 0.3 0.3 0.3 0.3 0.3 0.3 0.3 0.3 0.3 0.3 0.3 0.3 0.3 0.3 0.3 0.3 0.3 0.3 0.3 0.3 0.3 0.3 0.3 0.3 0.3 0.3 0.3 0.3 0.3 0.3 0.3 0.3 0.3 0.3 0.3 0.3 0.3 0.3 0.3 0.3 0.3 0.3 0.3 0.3 0.3 0.3 0.3 0.3 0.3 0.3 0.3 0.3 0.3 0.3 0.3 0.3 0.3 0.3 0.3 0.3 0.3 0.3 0.3 0.3 0.3 0.3 0.3 0.3 0.3 0.3 0.3 0.3 0.3 0.3 0.3 0.3 0.3 0.3 0.3 0.3 0.3 0.3 0.3 0.3 0.3 0.3 0.3 0.3 0.3 0.3 0.3 0.3 0.3 0.3 0.3 0.3 0.3 0.3 0.3 0.3 0.3 0.3 0.3 0.3 0.3 0.3 0.3 0.3 0.3 0.3 0.3 0.3 0.3 0.3 0.3 0.3 0.3 0.3 0.3 0.3 0.3 0.3 0.3 0.3 0.3 0.3 0.3 0.3 0.3 0.3 0.3 0.3 0.3 0.3 0.3 0.3 0.3 0.3 0.3 0.3 0.3 0.3 0.3 0.3 0.3 0.3 0.3 0.3 0.3 0.3 0.3 0.3 0.3 0.3 0.3 0.3 0.3 0.3 0.3 0.3 0.3 0.3 0.3 0.3 0.3 0.3 0.3 0.3 0.3 0.3 0.3 0.3 0.3 0.3 0.3 0.3 0.3 0.3 0.3 0.3 0.3 0.3 0.3 0.3 0.3 0.3 0.3 0.3 0.3 0.3 0.3 0.3 0.3 0.3 0.3 0.3 0.3 0.3 0.3 0.3 0.3 0.3 0.3 0.3 0.3 0.3 0.3 0.3 0.3 0.3 0.3 0.3 0.3 0.3 0.3 0.3 0.3 0.3 0.3 0.3 0.3 0.3 0.3 0.3 0.3 0.3 0.3 0.3 0.3 0.3 0.3 0.3 0.3 0.3 0.3 0.3 0.3 0.3 0.3 0.3 0.3 0.3 0.3 0.3 0.3 0.3 0.3 0.3 0.3 0.3 0.3 0.3 0.3 0.3 0.3 0.3 0.3 0.3 0.3 0.3 0.3 0.3 0.3 0.3 0.3 0.3 0.3 0.3 0.3 0.3 0.3 0.3 0.3 0.3 0.3 0.3 0.3 0.3 0.3 0.3 0.3 0.3 0.3 0.3 0.3 0.3 0.3 0.3 0.3 0.3 0.3 0.3 0.3 0.3 0.3 0.3 0.3 0.3 0.3 0.3 0.3 0.3 0.3 0.3 0.3 0.3 0.3 0.3 0.3 0.3 0.3 0.3 0.3 0.3 0.3 0.3 0.3 0.3 0.3 0.3 0.3 0.3 0.3 0.3 0.3 0.3 0.3 0.3 0.3 0.3 0.3 0.3 0.3 0.3 0.3 0.3 0.3 0.3 0.3 0.3 0.3 0.3 0.3 0.3 0.3 0.3 0.3 0.3 0.3 0.3 0.3 0.3 0.3 0.3 0.3 0.3 0.3 0.3 0.3 0.3 0.3 0.3 0.3 0.3 0.3 0.3 0.3 0.3 0.3 0.3 0.3 0.3 0.3 0.3 0.3 0.3 0.3 0.3 0.3 0.3 0.3 0.3 0.3 0.3 0.3 0.3 0.3 0.3 0.3 0.3 0.3 0.3 0.3 0.3 0.3 0.3 0.3 0.3 0.3 0.3 0.3 0.3 0.3 0.3 0.3 0.3 0.3 0.3 0.3 0.3 0.3 0.3 0.3 0.3 0.3 0.3 0.3 0.3 0.3 0.3 0.3 0.3 0.3 0.3 0.3 0.3 0.3 0.3 0.3 0.3 0.3 0.3 0.3 0.3 0.3 0.3 0.3 0.3 0.3 0.3 0.3 0.3 0.3 0.3 0.3 0.3 0.3 0.3 0.3 0.3 0.3 0.3 0.3 0.3 0.3 0.3 0.3 0.3 0.3 0.3 0.3 0.3 0.3 0.3 0.3 0.3 0.3 0.3 0.3 0.3 0.3 0.3 0.3 0.3 0.3 0.3 0.3 0.3 0.3 0.3 0.3 0.3 0.3 0.3 0.3 0.3 0.3 0.3 0.3 0.3 0.3 0.3 0.3 0.3 0.3 0.3 0.3 0.3 0.3 0.3 0.3 0.3 0.3 0.3 0.3 0.3 0.3 0.3 0.3 0.3 0.3 0.3 0.3 0.3 0.3 0.3 0.3 0.3 0.3 0.3 0.3 0.3 0.3 0.3 0.3 0.3 0.3 0.3 0.3 0.3 0.3 0.3 0.3 0.3 0.3 0.3 0.3 0.3 0.3 0.3 0.3 0.3
/

trunk	height
&indivhttrunk
nodates = 1
values = 0.001 0.001 0.001 0.001 0.001 0.001 0.001 0.001 0.001 0.001 0.001 0.001 0.001 0.001 0.001 0.001 0.001 0.001 0.001 0.001 0.001 0.001 0.001 0.001 0.001 0.001 0.001 0.001 0.001 0.001 0.001 0.001 0.001 0.001 0.001 0.001 0.001 0.001 0.001 0.001 0.001 0.001 0.001 0.001 0.001 0.001 0.001 0.001 0.001 0.001 0.001 0.001 0.001 0.001 0.001 0.001 0.001 0.001 0.001 0.001 0.001 0.001 0.001 0.001 0.001 0.001 0.001 0.001 0.001 0.001 0.001 0.001 17.01 16.74 20.61 24.13 17.88 7.59 13.82 28.02 12.36 20.16 24.18 20.96 14.95 16.64 8.35 18.3 8.35 8.6 7.58 10.12 22.9 12.07 14.47 11.53 19.06 21.99 13.43 19.63 11.96 22.9 19.52 0.001 0.001 0.001 0.001 9.88 18.61 11.53 12.9 11.9 27.14 9.59 11.6 15.11 16.62 16.42 14.62 3.78 17.76 18.88 11.37 20.06 9.28 17.9 10.02 2.07 23.67 20.2 16.07 26.2 2.76 15.96 25.83 8.41 5.2 8.42 0.001 0.001 0.001 0.001 21.84 18.06 5.68 10.18 29.48 18.08 5.31 34.76 18.65 21.4 23.16 16.7 15.51 7.61 5.17 33.48 10.01 21.85 22.23 27.06 28.77 20.27 24.13 6.57 20.01 24.12 16.76 11.86 16.79 10.87 11.25 0.001 0.001 0.001 0.001 7.21 17.42 8.33 17.95 16.77 11.77 10.89 5.08 20.12 31.22 11.87 4.82 9.97 19.87 20.78 35.07 4.72 15.43 13.52 5.54 10.03 5.01 17.08 23.14 2.68 11.57 25.96 2.46 26.71 3.8 6.13 0.001 0.001 0.001 0.001 20.46 10.36 17.58 28.6 25.9 18.09 16.51 27.63 7.76 19.97 10.85 33.33 12.72 14.12 22.27 19.43 5.93 12.74 18.01 2.34 9.65 13.09 7.49 8.07 18.3 12.55 12.94 24.63 17.28 24.55 22.75 0.001 0.001 0.001 0.001 34.02 10.99 25.26 16.06 9.13 29.11 19.15 1.16 10.87 14.8 28.28 20.7 11.37 11.45 17.49 7.71 11.02 15.47 15.78 23.77 17.96 13.99 12.15 24.59 9.76 19.23 17.27 16.62 21.91 8.34 14.98 0.001 0.001 0.001 0.001 27.45 16.53 25.39 8.57 20.14 10.64 9.87 17.84 24.85 17.36 11.23 24.39 12.73 21.08 5.55 20.72 8.97 12.15 4.75 41.39 5.9 16.46 15.71 8.41 16.95 19.93 20.74 8.23 13.75 14.51 11.21 0.001 0.001 0.001 0.001 12.47 15.71 30.95 16.47 7.74 12.86 16.23 6.66 0.53 11.47 19.01 8.09 20.13 26.42 16.46 27.73 17.09 10.72 13.82 33.66 23.04 17.57 16.66 15.51 17.31 26.31 19.62 15.67 15.36 17.52 18.26 0.001 0.001 0.001 0.001 17.66 18.26 20.76 18.07 0.18 6.84 22.99 30.9 11.21 18.05 30.3 13.55 25.28 11.13 9.61 13.67 11.99 21.22 9.11 7.96 18.13 30.74 11.63 6.79 11.03 11.36 15.96 14.44 12.31 9.37 3.14 0.001 0.001 0.001 0.001 21.89 6.67 10.04 8.45 14 17.29 31.23 21.6 18.79 15.83 12.8 20.79 30.97 19.11 26.49 27.5 11.41 12.23 11.13 17.98 12.64 9.86 27.24 9.87 12.65 10.2 19.76 15.19 16.71 13.15 15.18 0.001 0.001 0.001 0.001 7.01 14.15 10.17 22.05 29.39 7.45 19.1 15.25 12.63 17.16 12.42 15.87 19.07 23.58 5.37 21.9 8.65 4.36 21.26 32.83 15.1 2.75 18.67 7.36 23.18 6.45 14.88 17.23 39 15.67 19.28 0.001 0.001 0.001 0.001 19.45 12.12 20.4 27.81 23.06 20.83 15.39 6.87 14.93 30.23 6.65 23.54 10.39 5.88 14.66 26.99 21.96 21.22 22.68 11.43 27.29 10.26 4.65 13.07 27.6 15.09 29.71 12.11 21.83 4.14 6.59 0.001 0.001 0.001 0.001 16.41 16.42 16.63 10.13 16.91 11.48 6.06 15.91 7.23 13.56 7.72 15.43 22.34 17.78 20.41 29.1 12.03 15.83 10.55 18.15 10.91 23.71 19.8 14.08 16.38 11.12 15.51 13.61 4.47 16.72 8.33 0.001 0.001 0.001 0.001 11.88 7.32 23.25 21.13 16.27 15.29 23.09 17.85 6.91 16.42 26.87 13.12 17.57 14.06 7.55 7.34 21.3 21.37 18.52 5.48 6.71 0.77 18.69 9.71 28.33 13.16 10.61 11.12 18.85 10.3 16.44 0.001 0.001 0.001 0.001 7.39 15.76 22.44 23.27 17.1 11.95 24.65 13.09 6.42 17 19.78 4.48 3.66 12.74 18.69 8.26 3.19 11.23 10.33 9.86 13.34 17.91 8.95 10.9 24.1 11.87 16.23 3.23 26 3.78 6.37 0.001 0.001 0.001 0.001 11.72 22.07 21.68 2.31 9.66 12.51 22.37 7.59 16.99 9.54 25.32 10.51 12.96 18.04 21.35 3.75 26.85 14.15 11.37 10.23 15.27 14.18 0.97 14.41 12.61 15.89 18.99 13.52 27.48 17.36 19.51 0.001 0.001 0.001 0.001 6.78 8.13 22.91 4.2 18.99 7.15 15.66 13.69 11 15.74 7.35 18.23 26.27 12.97 21.54 5.88 0.8 8.83 20.64 20.8 1.59 15.67 13.65 3.96 18.68 12.02 13.73 22.56 18.93 16.99 12.09 0.001 0.001 0.001 0.001 21.82 25.55 9.33 14.85 16.03 8.09 19.32 17.24 8.53 8.92 18.54 19.26 25.6 15.44 10.62 17.03 23.09 13.9 10.24 18.93 23.29 11.24 18.18 6.92 10.31 21.3 14.55 14.42 18.13 4.65 3.88 0.001 0.001 0.001 0.001 1.43 2.77 12.96 1.57 13.29 28.38 13.75 21.07 7.71 0.36 28.4 24.85 23.32 7.55 18.95 9.24 18.97 16.07 3.45 9.17 21.54 16.43 21.37 10.77 24.03 27.78 14.56 20.78 14.79 24.77 9.66 0.001 0.001 0.001 0.001 13.32 3.72 16.79 11.7 23.14 17.16 10.56 7.27 20.42 8.89 18.11 13.56 11.92 16.55 17.13 10.46 19.37 17.1 24.87 4.1 6.31 14.65 16.22 22.06 12.05 10.78 26.27 11.42 9.37 7.36 7.09 0.001 0.001 0.001 0.001 18.83 17.14 14.67 31.2 16.89 9.32 30.22 9.3 19.06 4.75 22.85 17.59 23.77 27.17 12.92 6.28 21.56 16.83 14.81 14.42 15.46 11.29 18.59 20.64 16.29 14.54 19.78 4.02 8.63 18.82 19.74 0.001 0.001 0.001 0.001 2.48 23.49 19.27 10.28 8.12 22.47 8.33 24.94 17.56 24.47 31.42 29 20.51 9.1 8.42 5.84 27.12 18.74 27.02 19.77 6.99 2.19 7.34 13.3 24.32 10.66 22.74 13.56 11.82 27.35 9.25 0.001 0.001 0.001 0.001 13.1 10.03 19.22 9.16 21.44 22.01 9.06 25.2 15.15 6.11 17.58 19.39 4.27 22.64 17.4 11.24 13.94 4.27 19.41 21.52 18.42 4.83 19.83 15.53 15.08 20.41 15.7 10.77 15.05 10.79 28.17 0.001 0.001 0.001 0.001 8.71 17.96 12.15 30.5 7.28 14.08 16.3 19.15 9.31 15.27 14.97 13.35 3.32 13.21 18.19 11.65 4.49 10.89 16.86 4.86 24.64 30.72 6.93 19.83 21.08 12.2 14.12 22.05 13.32 6.08 19.5 0.001 0.001 0.001 0.001 26.15 21.07 22.87 4.66 6.25 18.38 19.15 16.29 8.95 22.34 23.78 13.09 13.04 25.18 22.86 31.72 3.97 7.27 16.24 5.67 15.87 23.98 9.76 17.2 18.28 19.71 6.3 14.84 22.84 24.84 14.38 0.001 0.001 0.001 0.001 18.19 8.89 20.2 20.29 17.09 5.98 19.82 10.46 4.67 8.06 19.25 34.47 13.2 20.16 13.86 16.71 9.99 15.23 15.21 12.26 17.23 30.97 24.94 14.13 3.97 12.16 4.01 23.06 5.8 25.88 20.38 0.001 0.001 0.001 0.001 9.82 6.65 25.06 5.42 8.11 20.97 19 24.22 8.95 25.15 1.76 14.96 18.2 16.58 2.5 23.89 22.46 21.95 13.01 13.27 11.22 0.07 20.58 10.82 11.41 30.47 17.83 9.19 25.39 12.13 23.24 0.001 0.001 0.001 0.001 17.61 16.19 13.61 29.63 27.99 14.95 18.79 25.32 31.25 16.53 12.24 27.86 21.24 6.02 13.49 25.24 14.79 1.8 10.49 19.66 4.46 0.72 11.32 10.99 12.34 1.49 13.94 3.51 20.61 8.05 18.95 0.001 0.001 0.001 0.001 25.76 24.09 9.91 20.67 31.02 22.74 18.83 25.4 1.47 3.55 5.27 1.74 21.49 9.21 14.17 5.75 24.98 8.28 14.99 23.07 17.08 31.74 12.62 12.78 12.89 15.31 9.64 33.93 16.75 15.4 15.05 0.001 0.001 0.001 0.001 12.23 11.88 19.32 8.41 8.93 18.7 8.97 12.41 16.45 18.49 8.02 25.04 16.26 5.28 8.27 13.51 15.1 13.53 17.09 9.74 19.84 20.24 22.48 2.68 8.99 16.82 14.21 13.66 4.36 19.73 18.15 0.001 0.001 0.001 0.001 5.64 5.56 16.8 17.65 11.39 1.14 10.77 7.72 12.02 18.14 14.92 17.66 10.88 20.48 17.35 26.55 17.27 11.93 18.41 15.39 4.32 25.04 8.47 15.46 27.65 11.52 21.59 5.98 22.85 18.88 10.2 0.001 0.001 0.001 0.001 0.001 0.001 0.001 0.001 0.001 0.001 0.001 0.001 0.001 0.001 0.001 0.001 0.001 0.001 0.001 0.001 0.001 0.001 0.001 0.001 0.001 0.001 0.001 0.001 0.001 0.001 0.001 0.001 0.001 0.001 0.001 0.001 0.001 0.001 0.001 0.001 0.001 0.001 0.001 0.001 0.001 0.001 0.001 0.001 0.001 0.001 0.001 0.001 0.001 0.001 0.001 0.001 0.001 0.001 0.001 0.001 0.001 0.001 0.001 0.001 0.001 0.001 0.001 0.001 0.001 0.001 0.001 0.001
/

leaf	area
&indivlarea
nodates = 1
values = 900
900
900
900
900
900
900
900
900
900
900
900
900
900
900
900
900
900
900
900
900
900
900
900
900
900
900
900
900
900
900
900
900
900
900
900
900
900
900
900
900
900
900
900
900
900
900
900
900
900
900
900
900
900
900
900
900
900
900
900
900
900
900
900
900
900
900
900
900
900
900
900
47.62
47.62
47.62
47.62
47.62
47.62
47.62
47.62
47.62
47.62
47.62
47.62
47.62
47.62
47.62
47.62
47.62
47.62
47.62
47.62
47.62
47.62
47.62
47.62
47.62
47.62
47.62
47.62
47.62
47.62
47.62
900
900
900
900
47.62
47.62
47.62
47.62
47.62
47.62
47.62
47.62
47.62
47.62
47.62
47.62
47.62
47.62
47.62
47.62
47.62
47.62
47.62
47.62
47.62
47.62
47.62
47.62
47.62
47.62
47.62
47.62
47.62
47.62
47.62
900
900
900
900
47.62
47.62
47.62
47.62
47.62
47.62
47.62
47.62
47.62
47.62
47.62
47.62
47.62
47.62
47.62
47.62
47.62
47.62
47.62
47.62
47.62
47.62
47.62
47.62
47.62
47.62
47.62
47.62
47.62
47.62
47.62
900
900
900
900
47.62
47.62
47.62
47.62
47.62
47.62
47.62
47.62
47.62
47.62
47.62
47.62
47.62
47.62
47.62
47.62
47.62
47.62
47.62
47.62
47.62
47.62
47.62
47.62
47.62
47.62
47.62
47.62
47.62
47.62
47.62
900
900
900
900
47.62
47.62
47.62
47.62
47.62
47.62
47.62
47.62
47.62
47.62
47.62
47.62
47.62
47.62
47.62
47.62
47.62
47.62
47.62
47.62
47.62
47.62
47.62
47.62
47.62
47.62
47.62
47.62
47.62
47.62
47.62
900
900
900
900
47.62
47.62
47.62
47.62
47.62
47.62
47.62
47.62
47.62
47.62
47.62
47.62
47.62
47.62
47.62
47.62
47.62
47.62
47.62
47.62
47.62
47.62
47.62
47.62
47.62
47.62
47.62
47.62
47.62
47.62
47.62
900
900
900
900
47.62
47.62
47.62
47.62
47.62
47.62
47.62
47.62
47.62
47.62
47.62
47.62
47.62
47.62
47.62
47.62
47.62
47.62
47.62
47.62
47.62
47.62
47.62
47.62
47.62
47.62
47.62
47.62
47.62
47.62
47.62
900
900
900
900
47.62
47.62
47.62
47.62
47.62
47.62
47.62
47.62
47.62
47.62
47.62
47.62
47.62
47.62
47.62
47.62
47.62
47.62
47.62
47.62
47.62
47.62
47.62
47.62
47.62
47.62
47.62
47.62
47.62
47.62
47.62
900
900
900
900
47.62
47.62
47.62
47.62
47.62
47.62
47.62
47.62
47.62
47.62
47.62
47.62
47.62
47.62
47.62
47.62
47.62
47.62
47.62
47.62
47.62
47.62
47.62
47.62
47.62
47.62
47.62
47.62
47.62
47.62
47.62
900
900
900
900
47.62
47.62
47.62
47.62
47.62
47.62
47.62
47.62
47.62
47.62
47.62
47.62
47.62
47.62
47.62
47.62
47.62
47.62
47.62
47.62
47.62
47.62
47.62
47.62
47.62
47.62
47.62
47.62
47.62
47.62
47.62
900
900
900
900
47.62
47.62
47.62
47.62
47.62
47.62
47.62
47.62
47.62
47.62
47.62
47.62
47.62
47.62
47.62
47.62
47.62
47.62
47.62
47.62
47.62
47.62
47.62
47.62
47.62
47.62
47.62
47.62
47.62
47.62
47.62
900
900
900
900
47.62
47.62
47.62
47.62
47.62
47.62
47.62
47.62
47.62
47.62
47.62
47.62
47.62
47.62
47.62
47.62
47.62
47.62
47.62
47.62
47.62
47.62
47.62
47.62
47.62
47.62
47.62
47.62
47.62
47.62
47.62
900
900
900
900
47.62
47.62
47.62
47.62
47.62
47.62
47.62
47.62
47.62
47.62
47.62
47.62
47.62
47.62
47.62
47.62
47.62
47.62
47.62
47.62
47.62
47.62
47.62
47.62
47.62
47.62
47.62
47.62
47.62
47.62
47.62
900
900
900
900
47.62
47.62
47.62
47.62
47.62
47.62
47.62
47.62
47.62
47.62
47.62
47.62
47.62
47.62
47.62
47.62
47.62
47.62
47.62
47.62
47.62
47.62
47.62
47.62
47.62
47.62
47.62
47.62
47.62
47.62
47.62
900
900
900
900
47.62
47.62
47.62
47.62
47.62
47.62
47.62
47.62
47.62
47.62
47.62
47.62
47.62
47.62
47.62
47.62
47.62
47.62
47.62
47.62
47.62
47.62
47.62
47.62
47.62
47.62
47.62
47.62
47.62
47.62
47.62
900
900
900
900
47.62
47.62
47.62
47.62
47.62
47.62
47.62
47.62
47.62
47.62
47.62
47.62
47.62
47.62
47.62
0.1
47.62
47.62
47.62
47.62
47.62
47.62
47.62
47.62
47.62
47.62
47.62
47.62
47.62
47.62
47.62
900
900
900
900
47.62
47.62
47.62
47.62
47.62
47.62
47.62
47.62
47.62
47.62
47.62
47.62
47.62
47.62
47.62
47.62
47.62
47.62
47.62
47.62
47.62
47.62
47.62
47.62
47.62
47.62
47.62
47.62
47.62
47.62
47.62
900
900
900
900
47.62
47.62
47.62
47.62
47.62
47.62
47.62
47.62
47.62
47.62
47.62
47.62
47.62
47.62
47.62
47.62
47.62
47.62
47.62
47.62
47.62
47.62
47.62
47.62
47.62
47.62
47.62
47.62
47.62
47.62
47.62
900
900
900
900
47.62
47.62
47.62
47.62
47.62
47.62
47.62
47.62
47.62
47.62
47.62
47.62
47.62
47.62
47.62
47.62
47.62
47.62
47.62
47.62
47.62
47.62
47.62
47.62
47.62
47.62
47.62
47.62
47.62
47.62
47.62
900
900
900
900
47.62
47.62
47.62
47.62
47.62
47.62
47.62
47.62
47.62
47.62
47.62
47.62
47.62
47.62
47.62
47.62
47.62
47.62
47.62
47.62
47.62
47.62
47.62
47.62
47.62
47.62
47.62
47.62
47.62
47.62
47.62
900
900
900
900
47.62
47.62
47.62
47.62
47.62
47.62
47.62
47.62
47.62
47.62
47.62
47.62
47.62
47.62
47.62
47.62
47.62
47.62
47.62
47.62
47.62
47.62
47.62
47.62
47.62
47.62
47.62
47.62
47.62
47.62
47.62
900
900
900
900
47.62
47.62
47.62
47.62
47.62
47.62
47.62
47.62
47.62
47.62
47.62
47.62
47.62
47.62
47.62
47.62
47.62
47.62
47.62
47.62
47.62
47.62
47.62
47.62
47.62
47.62
47.62
47.62
47.62
47.62
47.62
900
900
900
900
47.62
47.62
47.62
47.62
47.62
47.62
47.62
47.62
47.62
47.62
47.62
47.62
47.62
47.62
47.62
47.62
47.62
47.62
47.62
47.62
47.62
47.62
47.62
47.62
47.62
47.62
47.62
47.62
47.62
47.62
47.62
900
900
900
900
47.62
47.62
47.62
47.62
47.62
47.62
47.62
47.62
47.62
47.62
47.62
47.62
47.62
47.62
47.62
47.62
47.62
47.62
47.62
47.62
47.62
47.62
47.62
47.62
47.62
47.62
47.62
47.62
47.62
47.62
47.62
900
900
900
900
47.62
47.62
47.62
47.62
47.62
47.62
47.62
47.62
47.62
47.62
47.62
47.62
47.62
47.62
47.62
47.62
47.62
47.62
47.62
47.62
47.62
47.62
47.62
47.62
47.62
47.62
47.62
47.62
47.62
47.62
47.62
900
900
900
900
47.62
47.62
47.62
47.62
47.62
47.62
47.62
47.62
47.62
47.62
47.62
47.62
47.62
47.62
47.62
47.62
47.62
47.62
47.62
47.62
47.62
47.62
47.62
47.62
47.62
47.62
47.62
47.62
47.62
47.62
47.62
900
900
900
900
47.62
47.62
47.62
47.62
47.62
47.62
47.62
47.62
47.62
47.62
47.62
47.62
47.62
47.62
47.62
47.62
47.62
47.62
47.62
47.62
47.62
47.62
47.62
47.62
47.62
47.62
47.62
47.62
47.62
47.62
47.62
900
900
900
900
47.62
47.62
47.62
47.62
47.62
47.62
47.62
47.62
47.62
47.62
47.62
47.62
47.62
47.62
47.62
47.62
47.62
47.62
47.62
47.62
47.62
47.62
47.62
47.62
47.62
47.62
47.62
47.62
47.62
47.62
47.62
900
900
900
900
47.62
47.62
47.62
47.62
47.62
47.62
47.62
47.62
47.62
47.62
47.62
47.62
47.62
47.62
47.62
47.62
47.62
47.62
47.62
47.62
47.62
47.62
47.62
47.62
47.62
47.62
47.62
47.62
47.62
47.62
47.62
900
900
900
900
47.62
47.62
47.62
47.62
47.62
47.62
47.62
47.62
47.62
47.62
47.62
47.62
47.62
47.62
47.62
47.62
47.62
47.62
47.62
47.62
47.62
47.62
47.62
47.62
47.62
47.62
47.62
47.62
47.62
47.62
47.62
900
900
900
900
47.62
47.62
47.62
47.62
47.62
47.62
47.62
47.62
47.62
47.62
47.62
47.62
47.62
47.62
47.62
47.62
47.62
47.62
47.62
47.62
47.62
47.62
47.62
47.62
47.62
47.62
47.62
47.62
47.62
47.62
47.62
900
900
900
900
900
900
900
900
900
900
900
900
900
900
900
900
900
900
900
900
900
900
900
900
900
900
900
900
900
900
900
900
900
900
900
900
900
900
900
900
900
900
900
900
900
900
900
900
900
900
900
900
900
900
900
900
900
900
900
900
900
900
900
900
900
900
900
900
900
900
900
900 

/

