   -0.1677    -0.1420    -0.1133    -0.0962    -0.0884    -0.1298    -0.2274    -0.2172    -0.1970    -0.2193    -0.2423    -0.2597    -0.2591    -0.2571    -0.2508    -0.2405    -0.2296    -0.2187    -0.2095    -0.2013
   -0.0965    -0.1420    -0.1133    -0.0962    -0.0884    -0.1298    -0.2274    -0.2172    -0.1970    -0.2193    -0.2423    -0.2597    -0.2591    -0.2571    -0.2508    -0.2405    -0.2296    -0.2187    -0.2095    -0.2013
   -0.0944    -0.1420    -0.1133    -0.0962    -0.0884    -0.1298    -0.2274    -0.2172    -0.1970    -0.2193    -0.2423    -0.2597    -0.2591    -0.2571    -0.2508    -0.2405    -0.2296    -0.2187    -0.2095    -0.2013
   -0.0944    -0.1420    -0.1133    -0.0962    -0.0884    -0.1298    -0.2274    -0.2172    -0.1970    -0.2193    -0.2423    -0.2597    -0.2591    -0.2571    -0.2508    -0.2405    -0.2296    -0.2187    -0.2095    -0.2013
   -0.0579    -0.1420    -0.1133    -0.0962    -0.0884    -0.1298    -0.2274    -0.2172    -0.1970    -0.2193    -0.2423    -0.2597    -0.2591    -0.2571    -0.2508    -0.2405    -0.2296    -0.2187    -0.2095    -0.2013
   -0.0566    -0.1420    -0.1133    -0.0962    -0.0884    -0.1298    -0.2274    -0.2172    -0.1970    -0.2193    -0.2423    -0.2597    -0.2591    -0.2571    -0.2508    -0.2405    -0.2296    -0.2187    -0.2095    -0.2013
   -0.0220    -0.1420    -0.1133    -0.0962    -0.0884    -0.1298    -0.2274    -0.2172    -0.1970    -0.2193    -0.2423    -0.2597    -0.2591    -0.2571    -0.2508    -0.2405    -0.2296    -0.2187    -0.2095    -0.2013
   -0.0206    -0.1420    -0.1133    -0.0962    -0.0884    -0.1298    -0.2274    -0.2172    -0.1970    -0.2193    -0.2423    -0.2597    -0.2591    -0.2571    -0.2508    -0.2405    -0.2296    -0.2187    -0.2095    -0.2013
   -0.0206    -0.1420    -0.1133    -0.0962    -0.0884    -0.1298    -0.2274    -0.2172    -0.1970    -0.2193    -0.2423    -0.2597    -0.2591    -0.2571    -0.2508    -0.2405    -0.2296    -0.2187    -0.2095    -0.2013
   -0.0104    -0.1420    -0.1133    -0.0962    -0.0884    -0.1298    -0.2274    -0.2172    -0.1970    -0.2193    -0.2423    -0.2597    -0.2591    -0.2571    -0.2508    -0.2405    -0.2296    -0.2187    -0.2095    -0.2013
   -0.0102    -0.1419    -0.1133    -0.0962    -0.0884    -0.1298    -0.2274    -0.2172    -0.1970    -0.2193    -0.2423    -0.2597    -0.2591    -0.2571    -0.2508    -0.2405    -0.2296    -0.2187    -0.2095    -0.2013
   -0.0102    -0.1418    -0.1133    -0.0962    -0.0884    -0.1298    -0.2274    -0.2172    -0.1970    -0.2193    -0.2423    -0.2597    -0.2591    -0.2571    -0.2508    -0.2405    -0.2296    -0.2187    -0.2095    -0.2013
   -0.0102    -0.1418    -0.1133    -0.0962    -0.0884    -0.1298    -0.2274    -0.2172    -0.1970    -0.2193    -0.2423    -0.2597    -0.2591    -0.2571    -0.2508    -0.2405    -0.2296    -0.2187    -0.2095    -0.2013
   -0.0102    -0.1417    -0.1133    -0.0962    -0.0884    -0.1298    -0.2274    -0.2172    -0.1970    -0.2193    -0.2423    -0.2597    -0.2591    -0.2571    -0.2508    -0.2405    -0.2296    -0.2187    -0.2095    -0.2013
   -0.0058    -0.1416    -0.1133    -0.0962    -0.0884    -0.1298    -0.2274    -0.2172    -0.1970    -0.2193    -0.2423    -0.2597    -0.2591    -0.2571    -0.2508    -0.2405    -0.2296    -0.2187    -0.2095    -0.2013
   -0.0043    -0.1412    -0.1133    -0.0962    -0.0884    -0.1298    -0.2274    -0.2172    -0.1970    -0.2193    -0.2423    -0.2597    -0.2591    -0.2571    -0.2508    -0.2405    -0.2296    -0.2187    -0.2095    -0.2013
   -0.0043    -0.1403    -0.1133    -0.0962    -0.0884    -0.1298    -0.2274    -0.2172    -0.1970    -0.2193    -0.2423    -0.2597    -0.2591    -0.2571    -0.2508    -0.2405    -0.2296    -0.2187    -0.2095    -0.2013
   -0.0044    -0.1394    -0.1133    -0.0962    -0.0884    -0.1298    -0.2274    -0.2172    -0.1970    -0.2193    -0.2423    -0.2597    -0.2591    -0.2571    -0.2508    -0.2405    -0.2296    -0.2187    -0.2095    -0.2013
   -0.0044    -0.1386    -0.1133    -0.0962    -0.0884    -0.1298    -0.2274    -0.2172    -0.1970    -0.2193    -0.2423    -0.2597    -0.2591    -0.2571    -0.2508    -0.2405    -0.2296    -0.2187    -0.2095    -0.2013
   -0.0044    -0.1377    -0.1133    -0.0962    -0.0884    -0.1298    -0.2274    -0.2172    -0.1970    -0.2193    -0.2423    -0.2597    -0.2591    -0.2571    -0.2508    -0.2405    -0.2296    -0.2187    -0.2095    -0.2013
   -0.0026    -0.1369    -0.1133    -0.0962    -0.0884    -0.1298    -0.2274    -0.2172    -0.1970    -0.2193    -0.2423    -0.2597    -0.2591    -0.2571    -0.2508    -0.2405    -0.2296    -0.2187    -0.2095    -0.2013
   -0.0014    -0.1336    -0.1133    -0.0962    -0.0884    -0.1298    -0.2274    -0.2172    -0.1970    -0.2193    -0.2423    -0.2597    -0.2591    -0.2571    -0.2508    -0.2405    -0.2296    -0.2187    -0.2095    -0.2013
   -0.0008    -0.1183    -0.1133    -0.0962    -0.0884    -0.1298    -0.2274    -0.2172    -0.1970    -0.2193    -0.2423    -0.2597    -0.2591    -0.2571    -0.2508    -0.2405    -0.2296    -0.2187    -0.2095    -0.2013
   -0.0009    -0.0793    -0.1133    -0.0962    -0.0884    -0.1298    -0.2274    -0.2172    -0.1970    -0.2193    -0.2423    -0.2597    -0.2591    -0.2571    -0.2508    -0.2405    -0.2296    -0.2187    -0.2095    -0.2013
