   -3.2134    -2.7216    -2.1704    -1.8427    -1.6935    -2.4867    -4.3561    -4.1609    -3.7752    -4.2011    -4.6420    -4.9761    -4.9637    -4.9266    -4.8054    -4.6078    -4.3987    -4.1910    -4.0144    -3.8560
   -3.2134    -2.7216    -2.1704    -1.8427    -1.6935    -2.4867    -4.3561    -4.1609    -3.7752    -4.2011    -4.6419    -4.9761    -4.9637    -4.9266    -4.8054    -4.6078    -4.3987    -4.1910    -4.0144    -3.8560
   -1.0753    -2.7216    -2.1704    -1.8427    -1.6935    -2.4867    -4.3561    -4.1609    -3.7752    -4.2011    -4.6419    -4.9761    -4.9637    -4.9266    -4.8054    -4.6078    -4.3987    -4.1910    -4.0144    -3.8560
   -0.3464    -2.7216    -2.1704    -1.8427    -1.6935    -2.4867    -4.3561    -4.1609    -3.7752    -4.2011    -4.6419    -4.9761    -4.9637    -4.9266    -4.8054    -4.6078    -4.3987    -4.1910    -4.0144    -3.8560
   -0.3209    -2.7216    -2.1704    -1.8427    -1.6935    -2.4867    -4.3561    -4.1609    -3.7752    -4.2011    -4.6419    -4.9761    -4.9637    -4.9266    -4.8054    -4.6078    -4.3987    -4.1910    -4.0144    -3.8560
   -0.3209    -2.7216    -2.1704    -1.8427    -1.6935    -2.4867    -4.3561    -4.1609    -3.7752    -4.2011    -4.6419    -4.9761    -4.9637    -4.9266    -4.8054    -4.6078    -4.3987    -4.1910    -4.0144    -3.8560
   -0.3209    -2.7216    -2.1704    -1.8427    -1.6935    -2.4867    -4.3561    -4.1609    -3.7752    -4.2011    -4.6419    -4.9761    -4.9637    -4.9266    -4.8054    -4.6078    -4.3987    -4.1910    -4.0144    -3.8560
   -0.3209    -2.7216    -2.1704    -1.8427    -1.6935    -2.4867    -4.3561    -4.1609    -3.7752    -4.2011    -4.6419    -4.9761    -4.9637    -4.9266    -4.8054    -4.6078    -4.3987    -4.1910    -4.0144    -3.8560
   -0.3209    -2.7216    -2.1704    -1.8427    -1.6935    -2.4867    -4.3561    -4.1609    -3.7752    -4.2011    -4.6419    -4.9761    -4.9637    -4.9266    -4.8054    -4.6078    -4.3987    -4.1910    -4.0144    -3.8560
   -0.0872    -2.7216    -2.1704    -1.8427    -1.6935    -2.4867    -4.3561    -4.1609    -3.7752    -4.2011    -4.6419    -4.9761    -4.9637    -4.9266    -4.8054    -4.6078    -4.3987    -4.1910    -4.0144    -3.8560
   -0.0836    -2.7216    -2.1704    -1.8427    -1.6935    -2.4867    -4.3561    -4.1609    -3.7752    -4.2011    -4.6419    -4.9761    -4.9637    -4.9266    -4.8054    -4.6078    -4.3987    -4.1910    -4.0144    -3.8560
   -0.0836    -2.7216    -2.1704    -1.8427    -1.6935    -2.4867    -4.3561    -4.1609    -3.7752    -4.2011    -4.6419    -4.9761    -4.9637    -4.9266    -4.8054    -4.6078    -4.3987    -4.1910    -4.0144    -3.8560
   -0.0836    -2.7216    -2.1704    -1.8427    -1.6935    -2.4867    -4.3561    -4.1609    -3.7752    -4.2011    -4.6419    -4.9761    -4.9637    -4.9266    -4.8054    -4.6078    -4.3987    -4.1910    -4.0144    -3.8560
   -0.0526    -2.7215    -2.1704    -1.8427    -1.6935    -2.4867    -4.3561    -4.1609    -3.7752    -4.2011    -4.6419    -4.9761    -4.9637    -4.9266    -4.8054    -4.6078    -4.3987    -4.1910    -4.0144    -3.8560
   -0.0335    -2.7215    -2.1704    -1.8427    -1.6935    -2.4867    -4.3561    -4.1609    -3.7752    -4.2011    -4.6419    -4.9761    -4.9637    -4.9266    -4.8054    -4.6078    -4.3987    -4.1910    -4.0144    -3.8560
   -0.0335    -2.7214    -2.1704    -1.8427    -1.6935    -2.4867    -4.3561    -4.1609    -3.7752    -4.2011    -4.6419    -4.9761    -4.9637    -4.9266    -4.8054    -4.6078    -4.3987    -4.1910    -4.0144    -3.8560
   -0.0335    -2.7212    -2.1704    -1.8427    -1.6935    -2.4867    -4.3561    -4.1609    -3.7752    -4.2011    -4.6419    -4.9761    -4.9637    -4.9266    -4.8054    -4.6078    -4.3987    -4.1910    -4.0144    -3.8560
   -0.0335    -2.7211    -2.1704    -1.8427    -1.6935    -2.4867    -4.3561    -4.1609    -3.7752    -4.2011    -4.6419    -4.9761    -4.9637    -4.9266    -4.8054    -4.6078    -4.3987    -4.1910    -4.0144    -3.8560
   -0.0335    -2.7210    -2.1704    -1.8427    -1.6935    -2.4867    -4.3561    -4.1609    -3.7752    -4.2011    -4.6419    -4.9761    -4.9637    -4.9266    -4.8054    -4.6078    -4.3987    -4.1910    -4.0144    -3.8560
   -0.0335    -2.7208    -2.1704    -1.8427    -1.6935    -2.4867    -4.3561    -4.1609    -3.7752    -4.2011    -4.6419    -4.9761    -4.9637    -4.9266    -4.8054    -4.6078    -4.3987    -4.1910    -4.0144    -3.8560
   -0.0223    -2.7207    -2.1704    -1.8427    -1.6935    -2.4867    -4.3561    -4.1609    -3.7752    -4.2011    -4.6419    -4.9761    -4.9637    -4.9266    -4.8054    -4.6078    -4.3987    -4.1910    -4.0144    -3.8560
   -0.0220    -2.7203    -2.1704    -1.8427    -1.6935    -2.4867    -4.3561    -4.1609    -3.7752    -4.2011    -4.6419    -4.9761    -4.9637    -4.9266    -4.8054    -4.6078    -4.3987    -4.1910    -4.0144    -3.8560
   -0.0220    -2.7199    -2.1704    -1.8427    -1.6935    -2.4867    -4.3561    -4.1609    -3.7752    -4.2011    -4.6419    -4.9761    -4.9637    -4.9266    -4.8054    -4.6078    -4.3987    -4.1910    -4.0144    -3.8560
   -0.0220    -2.7194    -2.1704    -1.8427    -1.6935    -2.4867    -4.3561    -4.1609    -3.7752    -4.2011    -4.6419    -4.9761    -4.9637    -4.9266    -4.8054    -4.6078    -4.3987    -4.1910    -4.0144    -3.8560
