   1       0.6939   0.7170   0.4422
   2       0.7161   0.7142   0.4426
   3       0.7167   0.7206   0.4460
   4       0.6649   0.7679   0.4931
   5       0.6957   0.7469   0.4808
   6       0.7019   0.7333   0.4726
   7       0.6377   0.8380   0.5954
   8       0.6923   0.8183   0.5846
   9       0.6733   0.7912   0.5680
  10       0.5780   0.9183   0.7272
  11       0.5764   0.9048   0.7332
  12       0.5744   0.8961   0.7276
  13       0.5160   0.9613   0.8468
  14       0.5129   0.9502   0.8281
  15       0.5260   0.9444   0.8157
  16       0.4768   0.9914   0.9528
  17       0.4707   0.9878   0.9389
  18       0.4681   0.9874   0.9369
  19       0.6714   0.7107   0.4437
  20       0.6596   0.7019   0.4378
  21       0.6508   0.6859   0.4275
  22       0.6142   0.7848   0.5107
  23       0.5771   0.7670   0.5035
  24       0.5587   0.7502   0.4871
  25       0.5927   0.8385   0.5902
  26       0.5644   0.8174   0.5722
  27       0.5337   0.7903   0.5505
  28       0.5526   0.9264   0.7488
  29       0.5074   0.9248   0.7534
  30       0.4931   0.9194   0.7384
  31       0.5304   0.9686   0.8668
  32       0.5023   0.9689   0.8675
  33       0.4793   0.9719   0.8786
  34       0.4760   0.9931   0.9594
  35       0.4721   0.9938   0.9618
  36       0.4752   0.9944   0.9637
  37       0.6630   0.7165   0.4528
  38       0.6383   0.7282   0.4670
  39       0.6155   0.7085   0.4531
  40       0.6256   0.7972   0.5258
  41       0.6037   0.7916   0.5299
  42       0.5965   0.7788   0.5243
  43       0.5758   0.8482   0.6066
  44       0.5597   0.8340   0.6012
  45       0.5527   0.8122   0.5811
  46       0.5701   0.9234   0.7448
  47       0.5641   0.9197   0.7442
  48       0.5637   0.8991   0.7094
  49       0.5440   0.9650   0.8531
  50       0.5203   0.9743   0.8882
  51       0.4947   0.9650   0.8691
  52       0.4768   0.9959   0.9700
  53       0.4963   0.9956   0.9687
  54       0.5180   0.9956   0.9683
  55       0.6819   0.7200   0.4504
  56       0.6873   0.7441   0.4723
  57       0.6885   0.7528   0.4827
  58       0.6757   0.7738   0.5052
  59       0.7038   0.7700   0.5010
  60       0.7106   0.7759   0.5144
  61       0.6074   0.8633   0.6311
  62       0.6295   0.8771   0.6531
  63       0.6324   0.8785   0.6570
  64       0.5946   0.9132   0.7305
  65       0.6144   0.9043   0.7221
  66       0.6110   0.8924   0.7210
  67       0.5649   0.9690   0.8685
  68       0.5734   0.9709   0.8920
  69       0.5748   0.9739   0.9072
  70       0.4815   0.9927   0.9577
  71       0.4836   0.9913   0.9521
  72       0.4736   0.9910   0.9507
