   -0.1677    -0.1420    -0.1133    -0.0962    -0.0884    -0.1298    -0.2274    -0.2172    -0.1970    -0.2193    -0.2423    -0.2597    -0.2591    -0.2571    -0.2508    -0.2405    -0.2296    -0.2187    -0.2095    -0.2013
   -0.1677    -0.1420    -0.1133    -0.0962    -0.0884    -0.1298    -0.2274    -0.2172    -0.1970    -0.2193    -0.2423    -0.2597    -0.2591    -0.2571    -0.2508    -0.2405    -0.2296    -0.2187    -0.2095    -0.2013
   -0.0966    -0.1420    -0.1133    -0.0962    -0.0884    -0.1298    -0.2274    -0.2172    -0.1970    -0.2193    -0.2423    -0.2597    -0.2591    -0.2571    -0.2508    -0.2405    -0.2296    -0.2187    -0.2095    -0.2013
   -0.0945    -0.1420    -0.1133    -0.0962    -0.0884    -0.1298    -0.2274    -0.2172    -0.1970    -0.2193    -0.2423    -0.2597    -0.2591    -0.2571    -0.2508    -0.2405    -0.2296    -0.2187    -0.2095    -0.2013
   -0.0571    -0.1420    -0.1133    -0.0962    -0.0884    -0.1298    -0.2274    -0.2172    -0.1970    -0.2193    -0.2423    -0.2597    -0.2591    -0.2571    -0.2508    -0.2405    -0.2296    -0.2187    -0.2095    -0.2013
   -0.0557    -0.1420    -0.1133    -0.0962    -0.0884    -0.1298    -0.2274    -0.2172    -0.1970    -0.2193    -0.2423    -0.2597    -0.2591    -0.2571    -0.2508    -0.2405    -0.2296    -0.2187    -0.2095    -0.2013
   -0.0217    -0.1420    -0.1133    -0.0962    -0.0884    -0.1298    -0.2274    -0.2172    -0.1970    -0.2193    -0.2423    -0.2597    -0.2591    -0.2571    -0.2508    -0.2405    -0.2296    -0.2187    -0.2095    -0.2013
   -0.0204    -0.1420    -0.1133    -0.0962    -0.0884    -0.1298    -0.2274    -0.2172    -0.1970    -0.2193    -0.2423    -0.2597    -0.2591    -0.2571    -0.2508    -0.2405    -0.2296    -0.2187    -0.2095    -0.2013
   -0.0145    -0.1420    -0.1133    -0.0962    -0.0884    -0.1298    -0.2274    -0.2172    -0.1970    -0.2193    -0.2423    -0.2597    -0.2591    -0.2571    -0.2508    -0.2405    -0.2296    -0.2187    -0.2095    -0.2013
   -0.0144    -0.1420    -0.1133    -0.0962    -0.0884    -0.1298    -0.2274    -0.2172    -0.1970    -0.2193    -0.2423    -0.2597    -0.2591    -0.2571    -0.2508    -0.2405    -0.2296    -0.2187    -0.2095    -0.2013
   -0.0107    -0.1420    -0.1133    -0.0962    -0.0884    -0.1298    -0.2274    -0.2172    -0.1970    -0.2193    -0.2423    -0.2597    -0.2591    -0.2571    -0.2508    -0.2405    -0.2296    -0.2187    -0.2095    -0.2013
   -0.0107    -0.1419    -0.1133    -0.0962    -0.0884    -0.1298    -0.2274    -0.2172    -0.1970    -0.2193    -0.2423    -0.2597    -0.2591    -0.2571    -0.2508    -0.2405    -0.2296    -0.2187    -0.2095    -0.2013
   -0.0107    -0.1418    -0.1133    -0.0962    -0.0884    -0.1298    -0.2274    -0.2172    -0.1970    -0.2193    -0.2423    -0.2597    -0.2591    -0.2571    -0.2508    -0.2405    -0.2296    -0.2187    -0.2095    -0.2013
   -0.0107    -0.1417    -0.1133    -0.0962    -0.0884    -0.1298    -0.2274    -0.2172    -0.1970    -0.2193    -0.2423    -0.2597    -0.2591    -0.2571    -0.2508    -0.2405    -0.2296    -0.2187    -0.2095    -0.2013
   -0.0081    -0.1416    -0.1133    -0.0962    -0.0884    -0.1298    -0.2274    -0.2172    -0.1970    -0.2193    -0.2423    -0.2597    -0.2591    -0.2571    -0.2508    -0.2405    -0.2296    -0.2187    -0.2095    -0.2013
   -0.0081    -0.1415    -0.1133    -0.0962    -0.0884    -0.1298    -0.2274    -0.2172    -0.1970    -0.2193    -0.2423    -0.2597    -0.2591    -0.2571    -0.2508    -0.2405    -0.2296    -0.2187    -0.2095    -0.2013
   -0.0081    -0.1413    -0.1133    -0.0962    -0.0884    -0.1298    -0.2274    -0.2172    -0.1970    -0.2193    -0.2423    -0.2597    -0.2591    -0.2571    -0.2508    -0.2405    -0.2296    -0.2187    -0.2095    -0.2013
   -0.0046    -0.1412    -0.1133    -0.0962    -0.0884    -0.1298    -0.2274    -0.2172    -0.1970    -0.2193    -0.2423    -0.2597    -0.2591    -0.2571    -0.2508    -0.2405    -0.2296    -0.2187    -0.2095    -0.2013
   -0.0045    -0.1404    -0.1133    -0.0962    -0.0884    -0.1298    -0.2274    -0.2172    -0.1970    -0.2193    -0.2423    -0.2597    -0.2591    -0.2571    -0.2508    -0.2405    -0.2296    -0.2187    -0.2095    -0.2013
   -0.0045    -0.1396    -0.1133    -0.0962    -0.0884    -0.1298    -0.2274    -0.2172    -0.1970    -0.2193    -0.2423    -0.2597    -0.2591    -0.2571    -0.2508    -0.2405    -0.2296    -0.2187    -0.2095    -0.2013
   -0.0027    -0.1389    -0.1133    -0.0962    -0.0884    -0.1298    -0.2274    -0.2172    -0.1970    -0.2193    -0.2423    -0.2597    -0.2591    -0.2571    -0.2508    -0.2405    -0.2296    -0.2187    -0.2095    -0.2013
   -0.0026    -0.1358    -0.1133    -0.0962    -0.0884    -0.1298    -0.2274    -0.2172    -0.1970    -0.2193    -0.2423    -0.2597    -0.2591    -0.2571    -0.2508    -0.2405    -0.2296    -0.2187    -0.2095    -0.2013
   -0.0021    -0.1325    -0.1133    -0.0962    -0.0884    -0.1298    -0.2274    -0.2172    -0.1970    -0.2193    -0.2423    -0.2597    -0.2591    -0.2571    -0.2508    -0.2405    -0.2296    -0.2187    -0.2095    -0.2013
   -0.0016    -0.1269    -0.1133    -0.0962    -0.0884    -0.1298    -0.2274    -0.2172    -0.1970    -0.2193    -0.2423    -0.2597    -0.2591    -0.2571    -0.2508    -0.2405    -0.2296    -0.2187    -0.2095    -0.2013
