   -3.2134    -2.7216    -2.1704    -1.8427    -1.6935    -2.4867    -4.3561    -4.1609    -3.7752    -4.2011    -4.6420    -4.9761    -4.9637    -4.9266    -4.8054    -4.6078    -4.3987    -4.1910    -4.0144    -3.8560
   -3.2134    -2.7216    -2.1704    -1.8427    -1.6935    -2.4867    -4.3561    -4.1609    -3.7752    -4.2011    -4.6419    -4.9761    -4.9637    -4.9266    -4.8054    -4.6078    -4.3987    -4.1910    -4.0144    -3.8560
   -3.2134    -2.7216    -2.1704    -1.8427    -1.6935    -2.4867    -4.3561    -4.1609    -3.7752    -4.2011    -4.6419    -4.9761    -4.9637    -4.9266    -4.8054    -4.6078    -4.3987    -4.1910    -4.0144    -3.8560
   -1.0733    -2.7216    -2.1704    -1.8427    -1.6935    -2.4867    -4.3561    -4.1609    -3.7752    -4.2011    -4.6419    -4.9761    -4.9637    -4.9266    -4.8054    -4.6078    -4.3987    -4.1910    -4.0144    -3.8560
   -0.3430    -2.7216    -2.1704    -1.8427    -1.6935    -2.4867    -4.3561    -4.1609    -3.7752    -4.2011    -4.6419    -4.9761    -4.9637    -4.9266    -4.8054    -4.6078    -4.3987    -4.1910    -4.0144    -3.8560
   -0.3164    -2.7216    -2.1704    -1.8427    -1.6935    -2.4867    -4.3561    -4.1609    -3.7752    -4.2011    -4.6419    -4.9761    -4.9637    -4.9266    -4.8054    -4.6078    -4.3987    -4.1910    -4.0144    -3.8560
   -0.3164    -2.7216    -2.1704    -1.8427    -1.6935    -2.4867    -4.3561    -4.1609    -3.7752    -4.2011    -4.6419    -4.9761    -4.9637    -4.9266    -4.8054    -4.6078    -4.3987    -4.1910    -4.0144    -3.8560
   -0.1629    -2.7216    -2.1704    -1.8427    -1.6935    -2.4867    -4.3561    -4.1609    -3.7752    -4.2011    -4.6419    -4.9761    -4.9637    -4.9266    -4.8054    -4.6078    -4.3987    -4.1910    -4.0144    -3.8560
   -0.1601    -2.7216    -2.1704    -1.8427    -1.6935    -2.4867    -4.3561    -4.1609    -3.7752    -4.2011    -4.6419    -4.9761    -4.9637    -4.9266    -4.8054    -4.6078    -4.3987    -4.1910    -4.0144    -3.8560
   -0.1601    -2.7216    -2.1704    -1.8427    -1.6935    -2.4867    -4.3561    -4.1609    -3.7752    -4.2011    -4.6419    -4.9761    -4.9637    -4.9266    -4.8054    -4.6078    -4.3987    -4.1910    -4.0144    -3.8560
   -0.1601    -2.7216    -2.1704    -1.8427    -1.6935    -2.4867    -4.3561    -4.1609    -3.7752    -4.2011    -4.6419    -4.9761    -4.9637    -4.9266    -4.8054    -4.6078    -4.3987    -4.1910    -4.0144    -3.8560
   -0.0937    -2.7216    -2.1704    -1.8427    -1.6935    -2.4867    -4.3561    -4.1609    -3.7752    -4.2011    -4.6419    -4.9761    -4.9637    -4.9266    -4.8054    -4.6078    -4.3987    -4.1910    -4.0144    -3.8560
   -0.0582    -2.7216    -2.1704    -1.8427    -1.6935    -2.4867    -4.3561    -4.1609    -3.7752    -4.2011    -4.6419    -4.9761    -4.9637    -4.9266    -4.8054    -4.6078    -4.3987    -4.1910    -4.0144    -3.8560
   -0.0582    -2.7215    -2.1704    -1.8427    -1.6935    -2.4867    -4.3561    -4.1609    -3.7752    -4.2011    -4.6419    -4.9761    -4.9637    -4.9266    -4.8054    -4.6078    -4.3987    -4.1910    -4.0144    -3.8560
   -0.0379    -2.7215    -2.1704    -1.8427    -1.6935    -2.4867    -4.3561    -4.1609    -3.7752    -4.2011    -4.6419    -4.9761    -4.9637    -4.9266    -4.8054    -4.6078    -4.3987    -4.1910    -4.0144    -3.8560
   -0.0379    -2.7214    -2.1704    -1.8427    -1.6935    -2.4867    -4.3561    -4.1609    -3.7752    -4.2011    -4.6419    -4.9761    -4.9637    -4.9266    -4.8054    -4.6078    -4.3987    -4.1910    -4.0144    -3.8560
   -0.0379    -2.7213    -2.1704    -1.8427    -1.6935    -2.4867    -4.3561    -4.1609    -3.7752    -4.2011    -4.6419    -4.9761    -4.9637    -4.9266    -4.8054    -4.6078    -4.3987    -4.1910    -4.0144    -3.8560
   -0.0379    -2.7212    -2.1704    -1.8427    -1.6935    -2.4867    -4.3561    -4.1609    -3.7752    -4.2011    -4.6419    -4.9761    -4.9637    -4.9266    -4.8054    -4.6078    -4.3987    -4.1910    -4.0144    -3.8560
   -0.0158    -2.7211    -2.1704    -1.8427    -1.6935    -2.4867    -4.3561    -4.1609    -3.7752    -4.2011    -4.6419    -4.9761    -4.9637    -4.9266    -4.8054    -4.6078    -4.3987    -4.1910    -4.0144    -3.8560
   -0.0150    -2.7201    -2.1704    -1.8427    -1.6935    -2.4867    -4.3561    -4.1609    -3.7752    -4.2011    -4.6419    -4.9761    -4.9637    -4.9266    -4.8054    -4.6078    -4.3987    -4.1910    -4.0144    -3.8560
   -0.0150    -2.7189    -2.1704    -1.8427    -1.6935    -2.4867    -4.3561    -4.1609    -3.7752    -4.2011    -4.6419    -4.9761    -4.9637    -4.9266    -4.8054    -4.6078    -4.3987    -4.1910    -4.0144    -3.8560
   -0.0150    -2.7178    -2.1704    -1.8427    -1.6935    -2.4867    -4.3561    -4.1609    -3.7752    -4.2011    -4.6419    -4.9761    -4.9637    -4.9266    -4.8054    -4.6078    -4.3987    -4.1910    -4.0144    -3.8560
   -0.0150    -2.7166    -2.1704    -1.8427    -1.6935    -2.4867    -4.3561    -4.1609    -3.7752    -4.2011    -4.6419    -4.9761    -4.9637    -4.9266    -4.8054    -4.6078    -4.3987    -4.1910    -4.0144    -3.8560
   -0.0150    -2.7154    -2.1704    -1.8427    -1.6935    -2.4867    -4.3561    -4.1609    -3.7752    -4.2011    -4.6419    -4.9761    -4.9637    -4.9266    -4.8054    -4.6078    -4.3987    -4.1910    -4.0144    -3.8560
