Program:    MAESPA                                                                          
Control:    &control                                                                        
Trees:      Example trees file.                                                             
Structure:                                                                      Multispecies
Physiology:                                                                     Multispecies
Met data:   Example met file (Tumbarumba)                                                   
Water bal.: Example water balance parameters.                                               
                                                                                
DOY: simulation date
Tree: tree number
Spec: tree species number
absPAR:   absorbed PAR              MJ tree-1 d-1
absNIR:   absorbed NIR              MJ  tree-1 d-1
absTherm: absorbed thermal          MJ tree-1 d-1
totPs: gross photosynthesis         mol tree-1 d-1
totRf: daily foliar respiration     mol tree-1 d-1
netPs: photosyn. net of foliar resp   mol tree-1 d-1
totLE1: daily transpiration         mol H2O tree-1 d-1
totLE2: daily transpirn (CANOPY calc) mol H2O m-2 d-1
totH:  daily sensible heat flux     MJ tree-1 d-1
                                                                                
Columns: DOY Tree Spec absPAR absNIR absTherm totPs totRf netPs totLE1 totLE2 totH
      1  519    1      82.6470      22.9574      25.5581      10.3308       0.7080       9.6229     571.8608      53.8376      90.8167
      1  520    1      75.2457      21.2761      25.4600       9.8944       0.7080       9.1865     549.4128      51.4819      82.6107
      1  521    1      56.1261      17.3058      27.9055       8.6846       0.7080       7.9767     471.5819      45.0492      64.5952
      1  522    1      85.6484      23.5036      25.3304      10.4326       0.7080       9.7247     573.9915      54.4149      94.0918
      1  523    1      62.9841      18.7464      28.0149       9.1718       0.7080       8.4639     492.4499      47.5832      72.0344
      1  524    1      78.2049      21.9881      26.1228      10.0706       0.7080       9.3626     554.8351      52.4736      86.5135
      1  525    1      70.6148      20.3972      26.8070       9.6031       0.7080       8.8952     540.4315      49.9622      78.4157
      1  526    1      78.7799      22.1062      25.9994      10.0269       0.7080       9.3189     569.7991      52.2402      86.4593
      1  555    1      66.8687      19.5344      27.3198       9.3977       0.7080       8.6898     518.7526      48.8417      75.0721
      1  556    1      96.6762      25.8417      24.6435      10.9362       0.7080      10.2283     596.8195      57.2663     106.0187
      1  557    1      69.5202      20.1209      27.1743       9.6045       0.7080       8.8965     517.7484      49.8975      78.2738
      1  558    1      85.8151      23.5580      25.1314      10.4448       0.7080       9.7369     580.7589      54.4905      93.8911
      1  559    1      56.9843      17.4760      27.7403       8.7147       0.7080       8.0067     484.6646      45.2114      64.9219
      1  560    1      90.4218      24.5048      25.0916      10.6345       0.7080       9.9265     591.2629      55.5632      98.9489
      1  561    1     106.7958      27.9420      23.5741      11.3116       0.7080      10.6037     620.7221      59.4481     116.4850
      1  562    1      87.6158      23.9523      25.1079      10.5342       0.7080       9.8263     574.4384      54.9406      96.3583
      1  591    1     107.1233      27.9811      23.5450      11.2957       0.7080      10.5877     618.5030      59.3695     116.9217
      1  592    1      59.2345      17.8955      28.3179       8.8689       0.7080       8.1610     494.7422      46.0926      67.5009
      1  593    1      58.9196      17.9438      27.6234       8.9215       0.7080       8.2136     486.4839      46.3056      67.1967
      1  594    1      65.5495      19.3173      27.6322       9.3609       0.7080       8.6530     513.0394      48.5981      74.0189
      1  595    1      91.8141      24.8051      24.9687      10.7262       0.7080      10.0183     591.6545      56.0827     100.5496
      1  596    1      92.7071      25.0296      24.6471      10.7668       0.7080      10.0588     595.0750      56.3201     101.3205
      1  597    1      77.6095      21.9350      26.0476      10.0790       0.7080       9.3711     550.1025      52.4336      86.0542
      1  598    1      66.2916      19.4628      27.3994       9.4367       0.7080       8.7287     513.2292      48.9503      74.7412
      1  627    1      86.0198      23.6193      25.3265      10.4838       0.7080       9.7758     571.3533      54.6691      94.7083
      1  628    1      95.2941      25.5399      24.6432      10.8778       0.7080      10.1699     600.3729      56.9101     104.1695
      1  629    1      56.1153      17.3021      28.2844       8.6822       0.7080       7.9742     471.7137      45.0364      64.8158
      1  630    1      69.6773      20.2100      26.9385       9.5649       0.7080       8.8569     535.2844      49.7180      77.6082
      1  631    1      67.8816      19.7852      27.3578       9.4698       0.7080       8.7619     517.8298      49.2070      76.4183
      1  632    1     102.8255      27.0942      24.0080      11.1599       0.7080      10.4520     615.0775      58.5796     112.1884
      1  633    1      59.9005      18.0322      28.2076       8.9435       0.7080       8.2355     487.5326      46.4517      68.5539
      1  634    1      62.0060      18.5082      28.2775       9.1376       0.7080       8.4296     500.0482      47.4481      70.6373
      1  663    1      66.8641      19.5873      27.3364       9.5193       0.7080       8.8114     508.6690      49.3850      75.6028
      1  664    1      67.6589      19.7170      27.3668       9.4658       0.7080       8.7579     521.9487      49.1290      75.9419
      1  665    1      90.6651      24.6142      24.6855      10.6773       0.7080       9.9694     589.3760      55.7949      99.1428
      1  666    1      61.6192      18.4911      27.3681       9.0111       0.7080       8.3032     506.2071      46.8203      69.3917
      1  667    1      89.9082      24.4826      24.9531      10.6453       0.7080       9.9374     585.1686      55.6554      98.6254
      1  668    1      96.8347      25.8902      24.7023      10.9407       0.7080      10.2327     602.7344      57.3107     106.0066
      1  669    1     106.0008      27.7364      23.7175      11.2855       0.7080      10.5775     616.5859      59.2908     115.7454
      1  670    1      65.4880      19.2369      27.7761       9.2984       0.7080       8.5905     511.9519      48.2991      73.9929
      1  699    1      81.9688      22.6636      25.3199      10.2492       0.7080       9.5412     567.8412      53.4104      89.8097
      1  700    1     105.9747      27.7923      23.6173      11.2775       0.7080      10.5696     621.1977      59.2512     115.5276
      1  701    1      71.2535      20.4881      27.0187       9.6852       0.7080       8.9773     528.5439      50.3521      79.7960
      1  702    1      69.4585      20.1182      26.8252       9.4870       0.7080       8.7790     532.0854      49.2922      77.3471
      1  703    1      53.2203      16.6198      29.6031       8.4366       0.7080       7.7287     468.7389      43.7212      62.2132
      1  704    1      53.6731      16.7387      29.0856       8.3983       0.7080       7.6904     476.2232      43.6202      62.1154
      1  705    1      74.3618      21.0881      25.2330       9.8309       0.7080       9.1230     538.9327      51.1149      81.8609
      1  706    1      52.1426      16.5659      28.0320       8.3675       0.7080       7.6595     455.9505      43.4230      60.6881
      1  735    1      55.3665      17.1904      28.2833       8.6008       0.7080       7.8929     472.0470      44.5922      63.9585
      1  736    1      83.9717      23.2104      25.2489      10.3672       0.7080       9.6592     569.6383      54.0203      92.2814
      1  737    1      83.4778      23.1125      25.5320      10.3031       0.7080       9.5951     579.3121      53.7055      91.4491
      1  738    1      68.8137      20.0028      27.0773       9.4939       0.7080       8.7860     527.8570      49.3583      76.9484
      1  739    1      56.8713      17.5004      28.1914       8.7205       0.7080       8.0125     483.1703      45.2421      65.2133
      1  740    1      85.2781      23.4061      25.1888      10.3975       0.7080       9.6896     571.4392      54.2685      93.6375
      1  741    1      68.6647      19.9343      24.9198       9.5290       0.7080       8.8211     515.3364      49.4464      75.8699
      1  742    1     101.6350      26.9014      24.1256      11.1216       0.7080      10.4136     602.7684      58.3113     111.4499
      1  771    1      77.9087      21.9110      25.9162      10.0017       0.7080       9.2938     552.3638      52.0818      86.1086
      1  772    1      72.4471      20.7735      26.8318       9.7037       0.7080       8.9957     542.7474      50.4786      80.5370
      1  773    1      93.5968      25.2163      24.7351      10.7973       0.7080      10.0893     597.3665      56.4934     102.3524
      1  774    1      82.7327      22.9520      25.5058      10.2873       0.7080       9.5793     568.2432      53.6038      91.0167
      1  775    1      73.1904      20.8590      25.3377       9.7369       0.7080       9.0289     542.4145      50.6028      80.3735
      1  776    1     111.5327      28.8818      23.4089      11.4723       0.7080      10.7643     623.1041      60.4101     121.9369
      1  777    1      85.0055      23.4404      25.6762      10.4316       0.7080       9.7237     565.2245      54.4264      94.0277
      1  778    1      68.4163      19.8182      27.7874       9.5204       0.7080       8.8125     517.2264      49.4882      77.2633
