   -3.2134    -2.7216    -2.1704    -1.8427    -1.6935    -2.4867    -4.3561    -4.1609    -3.7752    -4.2011    -4.6420    -4.9761    -4.9637    -4.9266    -4.8054    -4.6078    -4.3987    -4.1910    -4.0144    -3.8560
   -3.2134    -2.7216    -2.1704    -1.8427    -1.6935    -2.4867    -4.3561    -4.1609    -3.7752    -4.2011    -4.6419    -4.9761    -4.9637    -4.9266    -4.8054    -4.6078    -4.3987    -4.1910    -4.0144    -3.8560
   -3.2134    -2.7216    -2.1704    -1.8427    -1.6935    -2.4867    -4.3561    -4.1609    -3.7752    -4.2011    -4.6419    -4.9761    -4.9637    -4.9266    -4.8054    -4.6078    -4.3987    -4.1910    -4.0144    -3.8560
   -3.2134    -2.7216    -2.1704    -1.8427    -1.6935    -2.4867    -4.3561    -4.1609    -3.7752    -4.2011    -4.6419    -4.9761    -4.9637    -4.9266    -4.8054    -4.6078    -4.3987    -4.1910    -4.0144    -3.8560
   -1.0764    -2.7216    -2.1704    -1.8427    -1.6935    -2.4867    -4.3561    -4.1609    -3.7752    -4.2011    -4.6419    -4.9761    -4.9637    -4.9266    -4.8054    -4.6078    -4.3987    -4.1910    -4.0144    -3.8560
   -0.3483    -2.7216    -2.1704    -1.8427    -1.6935    -2.4867    -4.3561    -4.1609    -3.7752    -4.2011    -4.6419    -4.9761    -4.9637    -4.9266    -4.8054    -4.6078    -4.3987    -4.1910    -4.0144    -3.8560
   -0.1322    -2.7216    -2.1704    -1.8427    -1.6935    -2.4867    -4.3561    -4.1609    -3.7752    -4.2011    -4.6419    -4.9761    -4.9637    -4.9266    -4.8054    -4.6078    -4.3987    -4.1910    -4.0144    -3.8560
   -0.1242    -2.7216    -2.1704    -1.8427    -1.6935    -2.4867    -4.3561    -4.1609    -3.7752    -4.2011    -4.6419    -4.9761    -4.9637    -4.9266    -4.8054    -4.6078    -4.3987    -4.1910    -4.0144    -3.8560
   -0.1242    -2.7216    -2.1704    -1.8427    -1.6935    -2.4867    -4.3561    -4.1609    -3.7752    -4.2011    -4.6419    -4.9761    -4.9637    -4.9266    -4.8054    -4.6078    -4.3987    -4.1910    -4.0144    -3.8560
   -0.1242    -2.7216    -2.1704    -1.8427    -1.6935    -2.4867    -4.3561    -4.1609    -3.7752    -4.2011    -4.6419    -4.9761    -4.9637    -4.9266    -4.8054    -4.6078    -4.3987    -4.1910    -4.0144    -3.8560
   -0.0732    -2.7216    -2.1704    -1.8427    -1.6935    -2.4867    -4.3561    -4.1609    -3.7752    -4.2011    -4.6419    -4.9761    -4.9637    -4.9266    -4.8054    -4.6078    -4.3987    -4.1910    -4.0144    -3.8560
   -0.0728    -2.7216    -2.1704    -1.8427    -1.6935    -2.4867    -4.3561    -4.1609    -3.7752    -4.2011    -4.6419    -4.9761    -4.9637    -4.9266    -4.8054    -4.6078    -4.3987    -4.1910    -4.0144    -3.8560
   -0.0728    -2.7215    -2.1704    -1.8427    -1.6935    -2.4867    -4.3561    -4.1609    -3.7752    -4.2011    -4.6419    -4.9761    -4.9637    -4.9266    -4.8054    -4.6078    -4.3987    -4.1910    -4.0144    -3.8560
   -0.0278    -2.7215    -2.1704    -1.8427    -1.6935    -2.4867    -4.3561    -4.1609    -3.7752    -4.2011    -4.6419    -4.9761    -4.9637    -4.9266    -4.8054    -4.6078    -4.3987    -4.1910    -4.0144    -3.8560
   -0.0163    -2.7213    -2.1704    -1.8427    -1.6935    -2.4867    -4.3561    -4.1609    -3.7752    -4.2011    -4.6419    -4.9761    -4.9637    -4.9266    -4.8054    -4.6078    -4.3987    -4.1910    -4.0144    -3.8560
   -0.0161    -2.7204    -2.1704    -1.8427    -1.6935    -2.4867    -4.3561    -4.1609    -3.7752    -4.2011    -4.6419    -4.9761    -4.9637    -4.9266    -4.8054    -4.6078    -4.3987    -4.1910    -4.0144    -3.8560
   -0.0161    -2.7194    -2.1704    -1.8427    -1.6935    -2.4867    -4.3561    -4.1609    -3.7752    -4.2011    -4.6419    -4.9761    -4.9637    -4.9266    -4.8054    -4.6078    -4.3987    -4.1910    -4.0144    -3.8560
   -0.0161    -2.7184    -2.1704    -1.8427    -1.6935    -2.4867    -4.3561    -4.1609    -3.7752    -4.2011    -4.6419    -4.9761    -4.9637    -4.9266    -4.8054    -4.6078    -4.3987    -4.1910    -4.0144    -3.8560
   -0.0161    -2.7174    -2.1704    -1.8427    -1.6935    -2.4867    -4.3561    -4.1609    -3.7752    -4.2011    -4.6419    -4.9761    -4.9637    -4.9266    -4.8054    -4.6078    -4.3987    -4.1910    -4.0144    -3.8560
   -0.0161    -2.7164    -2.1704    -1.8427    -1.6935    -2.4867    -4.3561    -4.1609    -3.7752    -4.2011    -4.6419    -4.9761    -4.9637    -4.9266    -4.8054    -4.6078    -4.3987    -4.1910    -4.0144    -3.8560
   -0.0161    -2.7155    -2.1704    -1.8427    -1.6935    -2.4867    -4.3561    -4.1609    -3.7752    -4.2011    -4.6419    -4.9761    -4.9637    -4.9266    -4.8054    -4.6078    -4.3987    -4.1910    -4.0144    -3.8560
   -0.0161    -2.7145    -2.1704    -1.8427    -1.6935    -2.4867    -4.3561    -4.1609    -3.7752    -4.2011    -4.6419    -4.9761    -4.9637    -4.9266    -4.8054    -4.6078    -4.3987    -4.1910    -4.0144    -3.8560
   -0.0114    -2.7135    -2.1704    -1.8427    -1.6935    -2.4867    -4.3561    -4.1609    -3.7752    -4.2011    -4.6419    -4.9761    -4.9637    -4.9266    -4.8054    -4.6078    -4.3987    -4.1910    -4.0144    -3.8560
   -0.0113    -2.7110    -2.1704    -1.8427    -1.6935    -2.4867    -4.3561    -4.1609    -3.7752    -4.2011    -4.6419    -4.9761    -4.9637    -4.9266    -4.8054    -4.6078    -4.3987    -4.1910    -4.0144    -3.8560
