   1       0.8619   0.8252   0.6250
   2       0.8578   0.8236   0.6268
   3       0.8595   0.8227   0.6268
   4       0.8569   0.8404   0.6376
   5       0.8717   0.8228   0.6149
   6       0.8755   0.8144   0.6033
   7       0.8546   0.8305   0.6374
   8       0.8782   0.8429   0.6470
   9       0.8863   0.8437   0.6522
  10       0.8757   0.8356   0.6405
  11       0.8793   0.8290   0.6285
  12       0.8845   0.8333   0.6375
  13       0.8609   0.8567   0.6548
  14       0.8585   0.8575   0.6514
  15       0.8565   0.8532   0.6450
  16       0.8471   0.8696   0.6943
  17       0.8480   0.8505   0.6853
  18       0.8527   0.8466   0.6793
  19       0.8741   0.8345   0.6424
  20       0.8834   0.8277   0.6348
  21       0.8879   0.8221   0.6267
  22       0.8689   0.8418   0.6398
  23       0.8897   0.8363   0.6417
  24       0.8882   0.8434   0.6465
  25       0.8773   0.8230   0.6110
  26       0.8840   0.8369   0.6243
  27       0.8907   0.8451   0.6462
  28       0.8620   0.8519   0.6575
  29       0.8512   0.8336   0.6613
  30       0.8577   0.8317   0.6641
  31       0.8683   0.8506   0.6660
  32       0.8673   0.8488   0.6653
  33       0.8714   0.8439   0.6680
  34       0.8421   0.8680   0.6972
  35       0.8446   0.8597   0.6913
  36       0.8489   0.8561   0.6907
  37       0.8650   0.8365   0.6505
  38       0.8743   0.8393   0.6509
  39       0.8771   0.8455   0.6559
  40       0.8655   0.8514   0.6701
  41       0.8710   0.8642   0.6910
  42       0.8761   0.8741   0.7055
  43       0.8663   0.8464   0.6570
  44       0.8623   0.8481   0.6729
  45       0.8718   0.8430   0.6805
  46       0.8558   0.8787   0.6945
  47       0.8470   0.8982   0.7383
  48       0.8485   0.9026   0.7567
  49       0.8602   0.8679   0.6869
  50       0.8619   0.8580   0.7115
  51       0.8548   0.8616   0.7329
  52       0.8478   0.8958   0.7219
  53       0.8511   0.8825   0.7130
  54       0.8575   0.8764   0.7122
  55       0.8657   0.8287   0.6350
  56       0.8778   0.8325   0.6482
  57       0.8860   0.8265   0.6447
  58       0.8527   0.8331   0.6375
  59       0.8681   0.8402   0.6305
  60       0.8703   0.8409   0.6277
  61       0.8654   0.8715   0.6810
  62       0.8656   0.8800   0.6938
  63       0.8743   0.8770   0.7061
  64       0.8638   0.8678   0.6708
  65       0.8733   0.8591   0.6451
  66       0.8855   0.8524   0.6365
  67       0.8591   0.8789   0.6699
  68       0.8621   0.8947   0.6859
  69       0.8644   0.8893   0.6903
  70       0.8422   0.8693   0.6818
  71       0.8413   0.8686   0.6743
  72       0.8438   0.8730   0.6802
