Example trees file.

&plot
x0 = 0
y0 = 0
xmax = 196
ymax = 196
xslope = 0
yslope = 0
bearing = 45
notrees = 676
/

&aerodyn
zht	=	30
zpd	=	16
z0ht	=	3
/

&xy
xycoords = 0 0
0 7.84
0 15.68
0 23.52
0 31.36
0 39.2
0 47.04
0 54.88
0 62.72
0 70.56
0 78.4
0 86.24
0 94.08
0 101.92
0 109.76
0 117.6
0 125.44
0 133.28
0 141.12
0 148.96
0 156.8
0 164.64
0 172.48
0 180.32
0 188.16
0 196
7.84 0
7.84 7.84
7.84 15.68
7.84 23.52
7.84 31.36
7.84 39.2
7.84 47.04
7.84 54.88
7.84 62.72
7.84 70.56
7.84 78.4
7.84 86.24
7.84 94.08
7.84 101.92
7.84 109.76
7.84 117.6
7.84 125.44
7.84 133.28
7.84 141.12
7.84 148.96
7.84 156.8
7.84 164.64
7.84 172.48
7.84 180.32
7.84 188.16
7.84 196
15.68 0
15.68 7.84
15.68 15.68
15.68 23.52
15.68 31.36
15.68 39.2
15.68 47.04
15.68 54.88
15.68 62.72
15.68 70.56
15.68 78.4
15.68 86.24
15.68 94.08
15.68 101.92
15.68 109.76
15.68 117.6
15.68 125.44
15.68 133.28
15.68 141.12
15.68 148.96
15.68 156.8
15.68 164.64
15.68 172.48
15.68 180.32
15.68 188.16
15.68 196
23.52 0
23.52 7.84
23.52 15.68
23.52 23.52
23.52 31.36
23.52 39.2
23.52 47.04
23.52 54.88
23.52 62.72
23.52 70.56
23.52 78.4
23.52 86.24
23.52 94.08
23.52 101.92
23.52 109.76
23.52 117.6
23.52 125.44
23.52 133.28
23.52 141.12
23.52 148.96
23.52 156.8
23.52 164.64
23.52 172.48
23.52 180.32
23.52 188.16
23.52 196
31.36 0
31.36 7.84
31.36 15.68
31.36 23.52
31.36 31.36
31.36 39.2
31.36 47.04
31.36 54.88
31.36 62.72
31.36 70.56
31.36 78.4
31.36 86.24
31.36 94.08
31.36 101.92
31.36 109.76
31.36 117.6
31.36 125.44
31.36 133.28
31.36 141.12
31.36 148.96
31.36 156.8
31.36 164.64
31.36 172.48
31.36 180.32
31.36 188.16
31.36 196
39.2 0
39.2 7.84
39.2 15.68
39.2 23.52
39.2 31.36
39.2 39.2
39.2 47.04
39.2 54.88
39.2 62.72
39.2 70.56
39.2 78.4
39.2 86.24
39.2 94.08
39.2 101.92
39.2 109.76
39.2 117.6
39.2 125.44
39.2 133.28
39.2 141.12
39.2 148.96
39.2 156.8
39.2 164.64
39.2 172.48
39.2 180.32
39.2 188.16
39.2 196
47.04 0
47.04 7.84
47.04 15.68
47.04 23.52
47.04 31.36
47.04 39.2
47.04 47.04
47.04 54.88
47.04 62.72
47.04 70.56
47.04 78.4
47.04 86.24
47.04 94.08
47.04 101.92
47.04 109.76
47.04 117.6
47.04 125.44
47.04 133.28
47.04 141.12
47.04 148.96
47.04 156.8
47.04 164.64
47.04 172.48
47.04 180.32
47.04 188.16
47.04 196
54.88 0
54.88 7.84
54.88 15.68
54.88 23.52
54.88 31.36
54.88 39.2
54.88 47.04
54.88 54.88
54.88 62.72
54.88 70.56
54.88 78.4
54.88 86.24
54.88 94.08
54.88 101.92
54.88 109.76
54.88 117.6
54.88 125.44
54.88 133.28
54.88 141.12
54.88 148.96
54.88 156.8
54.88 164.64
54.88 172.48
54.88 180.32
54.88 188.16
54.88 196
62.72 0
62.72 7.84
62.72 15.68
62.72 23.52
62.72 31.36
62.72 39.2
62.72 47.04
62.72 54.88
62.72 62.72
62.72 70.56
62.72 78.4
62.72 86.24
62.72 94.08
62.72 101.92
62.72 109.76
62.72 117.6
62.72 125.44
62.72 133.28
62.72 141.12
62.72 148.96
62.72 156.8
62.72 164.64
62.72 172.48
62.72 180.32
62.72 188.16
62.72 196
70.56 0
70.56 7.84
70.56 15.68
70.56 23.52
70.56 31.36
70.56 39.2
70.56 47.04
70.56 54.88
70.56 62.72
70.56 70.56
70.56 78.4
70.56 86.24
70.56 94.08
70.56 101.92
70.56 109.76
70.56 117.6
70.56 125.44
70.56 133.28
70.56 141.12
70.56 148.96
70.56 156.8
70.56 164.64
70.56 172.48
70.56 180.32
70.56 188.16
70.56 196
78.4 0
78.4 7.84
78.4 15.68
78.4 23.52
78.4 31.36
78.4 39.2
78.4 47.04
78.4 54.88
78.4 62.72
78.4 70.56
78.4 78.4
78.4 86.24
78.4 94.08
78.4 101.92
78.4 109.76
78.4 117.6
78.4 125.44
78.4 133.28
78.4 141.12
78.4 148.96
78.4 156.8
78.4 164.64
78.4 172.48
78.4 180.32
78.4 188.16
78.4 196
86.24 0
86.24 7.84
86.24 15.68
86.24 23.52
86.24 31.36
86.24 39.2
86.24 47.04
86.24 54.88
86.24 62.72
86.24 70.56
86.24 78.4
86.24 86.24
86.24 94.08
86.24 101.92
86.24 109.76
86.24 117.6
86.24 125.44
86.24 133.28
86.24 141.12
86.24 148.96
86.24 156.8
86.24 164.64
86.24 172.48
86.24 180.32
86.24 188.16
86.24 196
94.08 0
94.08 7.84
94.08 15.68
94.08 23.52
94.08 31.36
94.08 39.2
94.08 47.04
94.08 54.88
94.08 62.72
94.08 70.56
94.08 78.4
94.08 86.24
94.08 94.08
94.08 101.92
94.08 109.76
94.08 117.6
94.08 125.44
94.08 133.28
94.08 141.12
94.08 148.96
94.08 156.8
94.08 164.64
94.08 172.48
94.08 180.32
94.08 188.16
94.08 196
101.92 0
101.92 7.84
101.92 15.68
101.92 23.52
101.92 31.36
101.92 39.2
101.92 47.04
101.92 54.88
101.92 62.72
101.92 70.56
101.92 78.4
101.92 86.24
101.92 94.08
101.92 101.92
101.92 109.76
101.92 117.6
101.92 125.44
101.92 133.28
101.92 141.12
101.92 148.96
101.92 156.8
101.92 164.64
101.92 172.48
101.92 180.32
101.92 188.16
101.92 196
109.76 0
109.76 7.84
109.76 15.68
109.76 23.52
109.76 31.36
109.76 39.2
109.76 47.04
109.76 54.88
109.76 62.72
109.76 70.56
109.76 78.4
109.76 86.24
109.76 94.08
109.76 101.92
109.76 109.76
109.76 117.6
109.76 125.44
109.76 133.28
109.76 141.12
109.76 148.96
109.76 156.8
109.76 164.64
109.76 172.48
109.76 180.32
109.76 188.16
109.76 196
117.6 0
117.6 7.84
117.6 15.68
117.6 23.52
117.6 31.36
117.6 39.2
117.6 47.04
117.6 54.88
117.6 62.72
117.6 70.56
117.6 78.4
117.6 86.24
117.6 94.08
117.6 101.92
117.6 109.76
117.6 117.6
117.6 125.44
117.6 133.28
117.6 141.12
117.6 148.96
117.6 156.8
117.6 164.64
117.6 172.48
117.6 180.32
117.6 188.16
117.6 196
125.44 0
125.44 7.84
125.44 15.68
125.44 23.52
125.44 31.36
125.44 39.2
125.44 47.04
125.44 54.88
125.44 62.72
125.44 70.56
125.44 78.4
125.44 86.24
125.44 94.08
125.44 101.92
125.44 109.76
125.44 117.6
125.44 125.44
125.44 133.28
125.44 141.12
125.44 148.96
125.44 156.8
125.44 164.64
125.44 172.48
125.44 180.32
125.44 188.16
125.44 196
133.28 0
133.28 7.84
133.28 15.68
133.28 23.52
133.28 31.36
133.28 39.2
133.28 47.04
133.28 54.88
133.28 62.72
133.28 70.56
133.28 78.4
133.28 86.24
133.28 94.08
133.28 101.92
133.28 109.76
133.28 117.6
133.28 125.44
133.28 133.28
133.28 141.12
133.28 148.96
133.28 156.8
133.28 164.64
133.28 172.48
133.28 180.32
133.28 188.16
133.28 196
141.12 0
141.12 7.84
141.12 15.68
141.12 23.52
141.12 31.36
141.12 39.2
141.12 47.04
141.12 54.88
141.12 62.72
141.12 70.56
141.12 78.4
141.12 86.24
141.12 94.08
141.12 101.92
141.12 109.76
141.12 117.6
141.12 125.44
141.12 133.28
141.12 141.12
141.12 148.96
141.12 156.8
141.12 164.64
141.12 172.48
141.12 180.32
141.12 188.16
141.12 196
148.96 0
148.96 7.84
148.96 15.68
148.96 23.52
148.96 31.36
148.96 39.2
148.96 47.04
148.96 54.88
148.96 62.72
148.96 70.56
148.96 78.4
148.96 86.24
148.96 94.08
148.96 101.92
148.96 109.76
148.96 117.6
148.96 125.44
148.96 133.28
148.96 141.12
148.96 148.96
148.96 156.8
148.96 164.64
148.96 172.48
148.96 180.32
148.96 188.16
148.96 196
156.8 0
156.8 7.84
156.8 15.68
156.8 23.52
156.8 31.36
156.8 39.2
156.8 47.04
156.8 54.88
156.8 62.72
156.8 70.56
156.8 78.4
156.8 86.24
156.8 94.08
156.8 101.92
156.8 109.76
156.8 117.6
156.8 125.44
156.8 133.28
156.8 141.12
156.8 148.96
156.8 156.8
156.8 164.64
156.8 172.48
156.8 180.32
156.8 188.16
156.8 196
164.64 0
164.64 7.84
164.64 15.68
164.64 23.52
164.64 31.36
164.64 39.2
164.64 47.04
164.64 54.88
164.64 62.72
164.64 70.56
164.64 78.4
164.64 86.24
164.64 94.08
164.64 101.92
164.64 109.76
164.64 117.6
164.64 125.44
164.64 133.28
164.64 141.12
164.64 148.96
164.64 156.8
164.64 164.64
164.64 172.48
164.64 180.32
164.64 188.16
164.64 196
172.48 0
172.48 7.84
172.48 15.68
172.48 23.52
172.48 31.36
172.48 39.2
172.48 47.04
172.48 54.88
172.48 62.72
172.48 70.56
172.48 78.4
172.48 86.24
172.48 94.08
172.48 101.92
172.48 109.76
172.48 117.6
172.48 125.44
172.48 133.28
172.48 141.12
172.48 148.96
172.48 156.8
172.48 164.64
172.48 172.48
172.48 180.32
172.48 188.16
172.48 196
180.32 0
180.32 7.84
180.32 15.68
180.32 23.52
180.32 31.36
180.32 39.2
180.32 47.04
180.32 54.88
180.32 62.72
180.32 70.56
180.32 78.4
180.32 86.24
180.32 94.08
180.32 101.92
180.32 109.76
180.32 117.6
180.32 125.44
180.32 133.28
180.32 141.12
180.32 148.96
180.32 156.8
180.32 164.64
180.32 172.48
180.32 180.32
180.32 188.16
180.32 196
188.16 0
188.16 7.84
188.16 15.68
188.16 23.52
188.16 31.36
188.16 39.2
188.16 47.04
188.16 54.88
188.16 62.72
188.16 70.56
188.16 78.4
188.16 86.24
188.16 94.08
188.16 101.92
188.16 109.76
188.16 117.6
188.16 125.44
188.16 133.28
188.16 141.12
188.16 148.96
188.16 156.8
188.16 164.64
188.16 172.48
188.16 180.32
188.16 188.16
188.16 196
196 0
196 7.84
196 15.68
196 23.52
196 31.36
196 39.2
196 47.04
196 54.88
196 62.72
196 70.56
196 78.4
196 86.24
196 94.08
196 101.92
196 109.76
196 117.6
196 125.44
196 133.28
196 141.12
196 148.96
196 156.8
196 164.64
196 172.48
196 180.32
196 188.16
196 196

/

crown	radius	in	the	x-direction.
&indivradx
nodates = 1
values = 13
13
13
13
13
13
13
13
13
13
13
13
13
13
13
13
13
13
13
13
13
13
13
13
13
13
13
13
13
13
13
13
13
13
13
13
13
13
13
13
13
13
13
13
13
13
13
13
13
13
13
13
13
13
2.5439045
2.5439045
2.5439045
2.5439045
2.5439045
2.5439045
2.5439045
2.5439045
2.5439045
2.5439045
2.5439045
2.5439045
2.5439045
2.5439045
2.5439045
2.5439045
2.5439045
2.5439045
2.5439045
2.5439045
2.5439045
2.5439045
13
13
13
13
2.5439045
2.5439045
2.5439045
2.5439045
2.5439045
2.5439045
2.5439045
2.5439045
2.5439045
2.5439045
2.5439045
2.5439045
2.5439045
2.5439045
2.5439045
2.5439045
2.5439045
2.5439045
2.5439045
2.5439045
2.5439045
2.5439045
13
13
13
13
2.5439045
2.5439045
2.5439045
2.5439045
2.5439045
2.5439045
2.5439045
2.5439045
2.5439045
2.5439045
2.5439045
2.5439045
2.5439045
2.5439045
2.5439045
2.5439045
2.5439045
2.5439045
2.5439045
2.5439045
2.5439045
2.5439045
13
13
13
13
2.5439045
2.5439045
2.5439045
2.5439045
2.5439045
2.5439045
2.5439045
2.5439045
2.5439045
2.5439045
2.5439045
2.5439045
2.5439045
2.5439045
2.5439045
2.5439045
2.5439045
2.5439045
2.5439045
2.5439045
2.5439045
2.5439045
13
13
13
13
2.5439045
2.5439045
2.5439045
2.5439045
2.5439045
2.5439045
2.5439045
2.5439045
2.5439045
2.5439045
2.5439045
2.5439045
2.5439045
2.5439045
2.5439045
2.5439045
2.5439045
2.5439045
2.5439045
2.5439045
2.5439045
2.5439045
13
13
13
13
2.5439045
2.5439045
2.5439045
2.5439045
2.5439045
2.5439045
2.5439045
2.5439045
2.5439045
2.5439045
2.5439045
2.5439045
2.5439045
2.5439045
2.5439045
2.5439045
2.5439045
2.5439045
2.5439045
2.5439045
2.5439045
2.5439045
13
13
13
13
2.5439045
2.5439045
2.5439045
2.5439045
2.5439045
2.5439045
2.5439045
2.5439045
2.5439045
2.5439045
2.5439045
2.5439045
2.5439045
2.5439045
2.5439045
2.5439045
2.5439045
2.5439045
2.5439045
2.5439045
2.5439045
2.5439045
13
13
13
13
2.5439045
2.5439045
2.5439045
2.5439045
2.5439045
2.5439045
2.5439045
2.5439045
2.5439045
2.5439045
2.5439045
2.5439045
2.5439045
2.5439045
2.5439045
2.5439045
2.5439045
2.5439045
2.5439045
2.5439045
2.5439045
2.5439045
13
13
13
13
2.5439045
2.5439045
2.5439045
2.5439045
2.5439045
2.5439045
2.5439045
2.5439045
2.5439045
2.5439045
2.5439045
2.5439045
2.5439045
2.5439045
2.5439045
2.5439045
2.5439045
2.5439045
2.5439045
2.5439045
2.5439045
2.5439045
13
13
13
13
2.5439045
2.5439045
2.5439045
2.5439045
2.5439045
2.5439045
2.5439045
2.5439045
2.5439045
2.5439045
2.5439045
2.5439045
2.5439045
2.5439045
2.5439045
2.5439045
2.5439045
2.5439045
2.5439045
2.5439045
2.5439045
2.5439045
13
13
13
13
2.5439045
2.5439045
2.5439045
2.5439045
2.5439045
2.5439045
2.5439045
2.5439045
2.5439045
2.5439045
2.5439045
2.5439045
2.5439045
2.5439045
2.5439045
2.5439045
2.5439045
2.5439045
2.5439045
2.5439045
2.5439045
2.5439045
13
13
13
13
2.5439045
2.5439045
2.5439045
2.5439045
2.5439045
2.5439045
2.5439045
2.5439045
2.5439045
2.5439045
2.5439045
2.5439045
2.5439045
2.5439045
2.5439045
2.5439045
2.5439045
2.5439045
2.5439045
2.5439045
2.5439045
2.5439045
13
13
13
13
2.5439045
2.5439045
2.5439045
2.5439045
2.5439045
2.5439045
2.5439045
2.5439045
2.5439045
2.5439045
2.5439045
2.5439045
2.5439045
2.5439045
2.5439045
2.5439045
2.5439045
2.5439045
2.5439045
2.5439045
2.5439045
2.5439045
13
13
13
13
2.5439045
2.5439045
2.5439045
2.5439045
2.5439045
2.5439045
2.5439045
2.5439045
2.5439045
2.5439045
2.5439045
2.5439045
2.5439045
2.5439045
2.5439045
2.5439045
2.5439045
2.5439045
2.5439045
2.5439045
2.5439045
2.5439045
13
13
13
13
2.5439045
2.5439045
2.5439045
2.5439045
2.5439045
2.5439045
2.5439045
2.5439045
2.5439045
2.5439045
2.5439045
2.5439045
2.5439045
2.5439045
2.5439045
2.5439045
2.5439045
2.5439045
2.5439045
2.5439045
2.5439045
2.5439045
13
13
13
13
2.5439045
2.5439045
2.5439045
2.5439045
2.5439045
2.5439045
2.5439045
2.5439045
2.5439045
2.5439045
2.5439045
2.5439045
2.5439045
2.5439045
2.5439045
2.5439045
2.5439045
2.5439045
2.5439045
2.5439045
2.5439045
2.5439045
13
13
13
13
2.5439045
2.5439045
2.5439045
2.5439045
2.5439045
2.5439045
2.5439045
2.5439045
2.5439045
2.5439045
2.5439045
2.5439045
2.5439045
2.5439045
2.5439045
2.5439045
2.5439045
2.5439045
2.5439045
2.5439045
2.5439045
2.5439045
13
13
13
13
2.5439045
2.5439045
2.5439045
2.5439045
2.5439045
2.5439045
2.5439045
2.5439045
2.5439045
2.5439045
2.5439045
2.5439045
2.5439045
2.5439045
2.5439045
2.5439045
2.5439045
2.5439045
2.5439045
2.5439045
2.5439045
2.5439045
13
13
13
13
2.5439045
2.5439045
2.5439045
2.5439045
2.5439045
2.5439045
2.5439045
2.5439045
2.5439045
2.5439045
2.5439045
2.5439045
2.5439045
2.5439045
2.5439045
2.5439045
2.5439045
2.5439045
2.5439045
2.5439045
2.5439045
2.5439045
13
13
13
13
2.5439045
2.5439045
2.5439045
2.5439045
2.5439045
2.5439045
2.5439045
2.5439045
2.5439045
2.5439045
2.5439045
2.5439045
2.5439045
2.5439045
2.5439045
2.5439045
2.5439045
2.5439045
2.5439045
2.5439045
2.5439045
2.5439045
13
13
13
13
2.5439045
2.5439045
2.5439045
2.5439045
2.5439045
2.5439045
2.5439045
2.5439045
2.5439045
2.5439045
2.5439045
2.5439045
2.5439045
2.5439045
2.5439045
2.5439045
2.5439045
2.5439045
2.5439045
2.5439045
2.5439045
2.5439045
13
13
13
13
2.5439045
2.5439045
2.5439045
2.5439045
2.5439045
2.5439045
2.5439045
2.5439045
2.5439045
2.5439045
2.5439045
2.5439045
2.5439045
2.5439045
2.5439045
2.5439045
2.5439045
2.5439045
2.5439045
2.5439045
2.5439045
2.5439045
13
13
13
13
13
13
13
13
13
13
13
13
13
13
13
13
13
13
13
13
13
13
13
13
13
13
13
13
13
13
13
13
13
13
13
13
13
13
13
13
13
13
13
13
13
13
13
13
13
13
13
13
13
13

/

crown	radius	in	the	y-direction.
&indivrady
nodates = 1
values = 13
13
13
13
13
13
13
13
13
13
13
13
13
13
13
13
13
13
13
13
13
13
13
13
13
13
13
13
13
13
13
13
13
13
13
13
13
13
13
13
13
13
13
13
13
13
13
13
13
13
13
13
13
13
2.5439045
2.5439045
2.5439045
2.5439045
2.5439045
2.5439045
2.5439045
2.5439045
2.5439045
2.5439045
2.5439045
2.5439045
2.5439045
2.5439045
2.5439045
2.5439045
2.5439045
2.5439045
2.5439045
2.5439045
2.5439045
2.5439045
13
13
13
13
2.5439045
2.5439045
2.5439045
2.5439045
2.5439045
2.5439045
2.5439045
2.5439045
2.5439045
2.5439045
2.5439045
2.5439045
2.5439045
2.5439045
2.5439045
2.5439045
2.5439045
2.5439045
2.5439045
2.5439045
2.5439045
2.5439045
13
13
13
13
2.5439045
2.5439045
2.5439045
2.5439045
2.5439045
2.5439045
2.5439045
2.5439045
2.5439045
2.5439045
2.5439045
2.5439045
2.5439045
2.5439045
2.5439045
2.5439045
2.5439045
2.5439045
2.5439045
2.5439045
2.5439045
2.5439045
13
13
13
13
2.5439045
2.5439045
2.5439045
2.5439045
2.5439045
2.5439045
2.5439045
2.5439045
2.5439045
2.5439045
2.5439045
2.5439045
2.5439045
2.5439045
2.5439045
2.5439045
2.5439045
2.5439045
2.5439045
2.5439045
2.5439045
2.5439045
13
13
13
13
2.5439045
2.5439045
2.5439045
2.5439045
2.5439045
2.5439045
2.5439045
2.5439045
2.5439045
2.5439045
2.5439045
2.5439045
2.5439045
2.5439045
2.5439045
2.5439045
2.5439045
2.5439045
2.5439045
2.5439045
2.5439045
2.5439045
13
13
13
13
2.5439045
2.5439045
2.5439045
2.5439045
2.5439045
2.5439045
2.5439045
2.5439045
2.5439045
2.5439045
2.5439045
2.5439045
2.5439045
2.5439045
2.5439045
2.5439045
2.5439045
2.5439045
2.5439045
2.5439045
2.5439045
2.5439045
13
13
13
13
2.5439045
2.5439045
2.5439045
2.5439045
2.5439045
2.5439045
2.5439045
2.5439045
2.5439045
2.5439045
2.5439045
2.5439045
2.5439045
2.5439045
2.5439045
2.5439045
2.5439045
2.5439045
2.5439045
2.5439045
2.5439045
2.5439045
13
13
13
13
2.5439045
2.5439045
2.5439045
2.5439045
2.5439045
2.5439045
2.5439045
2.5439045
2.5439045
2.5439045
2.5439045
2.5439045
2.5439045
2.5439045
2.5439045
2.5439045
2.5439045
2.5439045
2.5439045
2.5439045
2.5439045
2.5439045
13
13
13
13
2.5439045
2.5439045
2.5439045
2.5439045
2.5439045
2.5439045
2.5439045
2.5439045
2.5439045
2.5439045
2.5439045
2.5439045
2.5439045
2.5439045
2.5439045
2.5439045
2.5439045
2.5439045
2.5439045
2.5439045
2.5439045
2.5439045
13
13
13
13
2.5439045
2.5439045
2.5439045
2.5439045
2.5439045
2.5439045
2.5439045
2.5439045
2.5439045
2.5439045
2.5439045
2.5439045
2.5439045
2.5439045
2.5439045
2.5439045
2.5439045
2.5439045
2.5439045
2.5439045
2.5439045
2.5439045
13
13
13
13
2.5439045
2.5439045
2.5439045
2.5439045
2.5439045
2.5439045
2.5439045
2.5439045
2.5439045
2.5439045
2.5439045
2.5439045
2.5439045
2.5439045
2.5439045
2.5439045
2.5439045
2.5439045
2.5439045
2.5439045
2.5439045
2.5439045
13
13
13
13
2.5439045
2.5439045
2.5439045
2.5439045
2.5439045
2.5439045
2.5439045
2.5439045
2.5439045
2.5439045
2.5439045
2.5439045
2.5439045
2.5439045
2.5439045
2.5439045
2.5439045
2.5439045
2.5439045
2.5439045
2.5439045
2.5439045
13
13
13
13
2.5439045
2.5439045
2.5439045
2.5439045
2.5439045
2.5439045
2.5439045
2.5439045
2.5439045
2.5439045
2.5439045
2.5439045
2.5439045
2.5439045
2.5439045
2.5439045
2.5439045
2.5439045
2.5439045
2.5439045
2.5439045
2.5439045
13
13
13
13
2.5439045
2.5439045
2.5439045
2.5439045
2.5439045
2.5439045
2.5439045
2.5439045
2.5439045
2.5439045
2.5439045
2.5439045
2.5439045
2.5439045
2.5439045
2.5439045
2.5439045
2.5439045
2.5439045
2.5439045
2.5439045
2.5439045
13
13
13
13
2.5439045
2.5439045
2.5439045
2.5439045
2.5439045
2.5439045
2.5439045
2.5439045
2.5439045
2.5439045
2.5439045
2.5439045
2.5439045
2.5439045
2.5439045
2.5439045
2.5439045
2.5439045
2.5439045
2.5439045
2.5439045
2.5439045
13
13
13
13
2.5439045
2.5439045
2.5439045
2.5439045
2.5439045
2.5439045
2.5439045
2.5439045
2.5439045
2.5439045
2.5439045
2.5439045
2.5439045
2.5439045
2.5439045
2.5439045
2.5439045
2.5439045
2.5439045
2.5439045
2.5439045
2.5439045
13
13
13
13
2.5439045
2.5439045
2.5439045
2.5439045
2.5439045
2.5439045
2.5439045
2.5439045
2.5439045
2.5439045
2.5439045
2.5439045
2.5439045
2.5439045
2.5439045
2.5439045
2.5439045
2.5439045
2.5439045
2.5439045
2.5439045
2.5439045
13
13
13
13
2.5439045
2.5439045
2.5439045
2.5439045
2.5439045
2.5439045
2.5439045
2.5439045
2.5439045
2.5439045
2.5439045
2.5439045
2.5439045
2.5439045
2.5439045
2.5439045
2.5439045
2.5439045
2.5439045
2.5439045
2.5439045
2.5439045
13
13
13
13
2.5439045
2.5439045
2.5439045
2.5439045
2.5439045
2.5439045
2.5439045
2.5439045
2.5439045
2.5439045
2.5439045
2.5439045
2.5439045
2.5439045
2.5439045
2.5439045
2.5439045
2.5439045
2.5439045
2.5439045
2.5439045
2.5439045
13
13
13
13
2.5439045
2.5439045
2.5439045
2.5439045
2.5439045
2.5439045
2.5439045
2.5439045
2.5439045
2.5439045
2.5439045
2.5439045
2.5439045
2.5439045
2.5439045
2.5439045
2.5439045
2.5439045
2.5439045
2.5439045
2.5439045
2.5439045
13
13
13
13
2.5439045
2.5439045
2.5439045
2.5439045
2.5439045
2.5439045
2.5439045
2.5439045
2.5439045
2.5439045
2.5439045
2.5439045
2.5439045
2.5439045
2.5439045
2.5439045
2.5439045
2.5439045
2.5439045
2.5439045
2.5439045
2.5439045
13
13
13
13
2.5439045
2.5439045
2.5439045
2.5439045
2.5439045
2.5439045
2.5439045
2.5439045
2.5439045
2.5439045
2.5439045
2.5439045
2.5439045
2.5439045
2.5439045
2.5439045
2.5439045
2.5439045
2.5439045
2.5439045
2.5439045
2.5439045
13
13
13
13
13
13
13
13
13
13
13
13
13
13
13
13
13
13
13
13
13
13
13
13
13
13
13
13
13
13
13
13
13
13
13
13
13
13
13
13
13
13
13
13
13
13
13
13
13
13
13
13
13
13

/

crown	height	for	each	tree.
&indivhtcrown
nodates = 1
values = 21.359762
21.359762
21.359762
21.359762
21.359762
21.359762
21.359762
21.359762
21.359762
21.359762
21.359762
21.359762
21.359762
21.359762
21.359762
21.359762
21.359762
21.359762
21.359762
21.359762
21.359762
21.359762
21.359762
21.359762
21.359762
21.359762
21.359762
21.359762
21.359762
21.359762
21.359762
21.359762
21.359762
21.359762
21.359762
21.359762
21.359762
21.359762
21.359762
21.359762
21.359762
21.359762
21.359762
21.359762
21.359762
21.359762
21.359762
21.359762
21.359762
21.359762
21.359762
21.359762
21.359762
21.359762
6.359762
6.359762
6.359762
6.359762
6.359762
6.359762
6.359762
6.359762
6.359762
6.359762
6.359762
6.359762
6.359762
6.359762
6.359762
6.359762
6.359762
6.359762
6.359762
6.359762
6.359762
6.359762
21.359762
21.359762
21.359762
21.359762
6.359762
6.359762
6.359762
6.359762
6.359762
6.359762
6.359762
6.359762
6.359762
6.359762
6.359762
6.359762
6.359762
6.359762
6.359762
6.359762
6.359762
6.359762
6.359762
6.359762
6.359762
6.359762
21.359762
21.359762
21.359762
21.359762
6.359762
6.359762
6.359762
6.359762
6.359762
6.359762
6.359762
6.359762
6.359762
6.359762
6.359762
6.359762
6.359762
6.359762
6.359762
6.359762
6.359762
6.359762
6.359762
6.359762
6.359762
6.359762
21.359762
21.359762
21.359762
21.359762
6.359762
6.359762
6.359762
6.359762
6.359762
6.359762
6.359762
6.359762
6.359762
6.359762
6.359762
6.359762
6.359762
6.359762
6.359762
6.359762
6.359762
6.359762
6.359762
6.359762
6.359762
6.359762
21.359762
21.359762
21.359762
21.359762
6.359762
6.359762
6.359762
6.359762
6.359762
6.359762
6.359762
6.359762
6.359762
6.359762
6.359762
6.359762
6.359762
6.359762
6.359762
6.359762
6.359762
6.359762
6.359762
6.359762
6.359762
6.359762
21.359762
21.359762
21.359762
21.359762
6.359762
6.359762
6.359762
6.359762
6.359762
6.359762
6.359762
6.359762
6.359762
6.359762
6.359762
6.359762
6.359762
6.359762
6.359762
6.359762
6.359762
6.359762
6.359762
6.359762
6.359762
6.359762
21.359762
21.359762
21.359762
21.359762
6.359762
6.359762
6.359762
6.359762
6.359762
6.359762
6.359762
6.359762
6.359762
6.359762
6.359762
6.359762
6.359762
6.359762
6.359762
6.359762
6.359762
6.359762
6.359762
6.359762
6.359762
6.359762
21.359762
21.359762
21.359762
21.359762
6.359762
6.359762
6.359762
6.359762
6.359762
6.359762
6.359762
6.359762
6.359762
6.359762
6.359762
6.359762
6.359762
6.359762
6.359762
6.359762
6.359762
6.359762
6.359762
6.359762
6.359762
6.359762
21.359762
21.359762
21.359762
21.359762
6.359762
6.359762
6.359762
6.359762
6.359762
6.359762
6.359762
6.359762
6.359762
6.359762
6.359762
6.359762
6.359762
6.359762
6.359762
6.359762
6.359762
6.359762
6.359762
6.359762
6.359762
6.359762
21.359762
21.359762
21.359762
21.359762
6.359762
6.359762
6.359762
6.359762
6.359762
6.359762
6.359762
6.359762
6.359762
6.359762
6.359762
6.359762
6.359762
6.359762
6.359762
6.359762
6.359762
6.359762
6.359762
6.359762
6.359762
6.359762
21.359762
21.359762
21.359762
21.359762
6.359762
6.359762
6.359762
6.359762
6.359762
6.359762
6.359762
6.359762
6.359762
6.359762
6.359762
6.359762
6.359762
6.359762
6.359762
6.359762
6.359762
6.359762
6.359762
6.359762
6.359762
6.359762
21.359762
21.359762
21.359762
21.359762
6.359762
6.359762
6.359762
6.359762
6.359762
6.359762
6.359762
6.359762
6.359762
6.359762
6.359762
6.359762
6.359762
6.359762
6.359762
6.359762
6.359762
6.359762
6.359762
6.359762
6.359762
6.359762
21.359762
21.359762
21.359762
21.359762
6.359762
6.359762
6.359762
6.359762
6.359762
6.359762
6.359762
6.359762
6.359762
6.359762
6.359762
6.359762
6.359762
6.359762
6.359762
6.359762
6.359762
6.359762
6.359762
6.359762
6.359762
6.359762
21.359762
21.359762
21.359762
21.359762
6.359762
6.359762
6.359762
6.359762
6.359762
6.359762
6.359762
6.359762
6.359762
6.359762
6.359762
6.359762
6.359762
6.359762
6.359762
6.359762
6.359762
6.359762
6.359762
6.359762
6.359762
6.359762
21.359762
21.359762
21.359762
21.359762
6.359762
6.359762
6.359762
6.359762
6.359762
6.359762
6.359762
6.359762
6.359762
6.359762
6.359762
6.359762
6.359762
6.359762
6.359762
6.359762
6.359762
6.359762
6.359762
6.359762
6.359762
6.359762
21.359762
21.359762
21.359762
21.359762
6.359762
6.359762
6.359762
6.359762
6.359762
6.359762
6.359762
6.359762
6.359762
6.359762
6.359762
6.359762
6.359762
6.359762
6.359762
6.359762
6.359762
6.359762
6.359762
6.359762
6.359762
6.359762
21.359762
21.359762
21.359762
21.359762
6.359762
6.359762
6.359762
6.359762
6.359762
6.359762
6.359762
6.359762
6.359762
6.359762
6.359762
6.359762
6.359762
6.359762
6.359762
6.359762
6.359762
6.359762
6.359762
6.359762
6.359762
6.359762
21.359762
21.359762
21.359762
21.359762
6.359762
6.359762
6.359762
6.359762
6.359762
6.359762
6.359762
6.359762
6.359762
6.359762
6.359762
6.359762
6.359762
6.359762
6.359762
6.359762
6.359762
6.359762
6.359762
6.359762
6.359762
6.359762
21.359762
21.359762
21.359762
21.359762
6.359762
6.359762
6.359762
6.359762
6.359762
6.359762
6.359762
6.359762
6.359762
6.359762
6.359762
6.359762
6.359762
6.359762
6.359762
6.359762
6.359762
6.359762
6.359762
6.359762
6.359762
6.359762
21.359762
21.359762
21.359762
21.359762
6.359762
6.359762
6.359762
6.359762
6.359762
6.359762
6.359762
6.359762
6.359762
6.359762
6.359762
6.359762
6.359762
6.359762
6.359762
6.359762
6.359762
6.359762
6.359762
6.359762
6.359762
6.359762
21.359762
21.359762
21.359762
21.359762
6.359762
6.359762
6.359762
6.359762
6.359762
6.359762
6.359762
6.359762
6.359762
6.359762
6.359762
6.359762
6.359762
6.359762
6.359762
6.359762
6.359762
6.359762
6.359762
6.359762
6.359762
6.359762
21.359762
21.359762
21.359762
21.359762
6.359762
6.359762
6.359762
6.359762
6.359762
6.359762
6.359762
6.359762
6.359762
6.359762
6.359762
6.359762
6.359762
6.359762
6.359762
6.359762
6.359762
6.359762
6.359762
6.359762
6.359762
6.359762
21.359762
21.359762
21.359762
21.359762
21.359762
21.359762
21.359762
21.359762
21.359762
21.359762
21.359762
21.359762
21.359762
21.359762
21.359762
21.359762
21.359762
21.359762
21.359762
21.359762
21.359762
21.359762
21.359762
21.359762
21.359762
21.359762
21.359762
21.359762
21.359762
21.359762
21.359762
21.359762
21.359762
21.359762
21.359762
21.359762
21.359762
21.359762
21.359762
21.359762
21.359762
21.359762
21.359762
21.359762
21.359762
21.359762
21.359762
21.359762
21.359762
21.359762
21.359762
21.359762
21.359762
21.359762

/

stem	diameter	for	each	tree
&indivdiam
nodates = 1
values = 0.3 0.3 0.3 0.3 0.3 0.3 0.3 0.3 0.3 0.3 0.3 0.3 0.3 0.3 0.3 0.3 0.3 0.3 0.3 0.3 0.3 0.3 0.3 0.3 0.3 0.3 0.3 0.3 0.3 0.3 0.3 0.3 0.3 0.3 0.3 0.3 0.3 0.3 0.3 0.3 0.3 0.3 0.3 0.3 0.3 0.3 0.3 0.3 0.3 0.3 0.3 0.3 0.3 0.3 0.3 0.3 0.3 0.3 0.3 0.3 0.3 0.3 0.3 0.3 0.3 0.3 0.3 0.3 0.3 0.3 0.3 0.3 0.3 0.3 0.3 0.3 0.3 0.3 0.3 0.3 0.3 0.3 0.3 0.3 0.3 0.3 0.3 0.3 0.3 0.3 0.3 0.3 0.3 0.3 0.3 0.3 0.3 0.3 0.3 0.3 0.3 0.3 0.3 0.3 0.3 0.3 0.3 0.3 0.3 0.3 0.3 0.3 0.3 0.3 0.3 0.3 0.3 0.3 0.3 0.3 0.3 0.3 0.3 0.3 0.3 0.3 0.3 0.3 0.3 0.3 0.3 0.3 0.3 0.3 0.3 0.3 0.3 0.3 0.3 0.3 0.3 0.3 0.3 0.3 0.3 0.3 0.3 0.3 0.3 0.3 0.3 0.3 0.3 0.3 0.3 0.3 0.3 0.3 0.3 0.3 0.3 0.3 0.3 0.3 0.3 0.3 0.3 0.3 0.3 0.3 0.3 0.3 0.3 0.3 0.3 0.3 0.3 0.3 0.3 0.3 0.3 0.3 0.3 0.3 0.3 0.3 0.3 0.3 0.3 0.3 0.3 0.3 0.3 0.3 0.3 0.3 0.3 0.3 0.3 0.3 0.3 0.3 0.3 0.3 0.3 0.3 0.3 0.3 0.3 0.3 0.3 0.3 0.3 0.3 0.3 0.3 0.3 0.3 0.3 0.3 0.3 0.3 0.3 0.3 0.3 0.3 0.3 0.3 0.3 0.3 0.3 0.3 0.3 0.3 0.3 0.3 0.3 0.3 0.3 0.3 0.3 0.3 0.3 0.3 0.3 0.3 0.3 0.3 0.3 0.3 0.3 0.3 0.3 0.3 0.3 0.3 0.3 0.3 0.3 0.3 0.3 0.3 0.3 0.3 0.3 0.3 0.3 0.3 0.3 0.3 0.3 0.3 0.3 0.3 0.3 0.3 0.3 0.3 0.3 0.3 0.3 0.3 0.3 0.3 0.3 0.3 0.3 0.3 0.3 0.3 0.3 0.3 0.3 0.3 0.3 0.3 0.3 0.3 0.3 0.3 0.3 0.3 0.3 0.3 0.3 0.3 0.3 0.3 0.3 0.3 0.3 0.3 0.3 0.3 0.3 0.3 0.3 0.3 0.3 0.3 0.3 0.3 0.3 0.3 0.3 0.3 0.3 0.3 0.3 0.3 0.3 0.3 0.3 0.3 0.3 0.3 0.3 0.3 0.3 0.3 0.3 0.3 0.3 0.3 0.3 0.3 0.3 0.3 0.3 0.3 0.3 0.3 0.3 0.3 0.3 0.3 0.3 0.3 0.3 0.3 0.3 0.3 0.3 0.3 0.3 0.3 0.3 0.3 0.3 0.3 0.3 0.3 0.3 0.3 0.3 0.3 0.3 0.3 0.3 0.3 0.3 0.3 0.3 0.3 0.3 0.3 0.3 0.3 0.3 0.3 0.3 0.3 0.3 0.3 0.3 0.3 0.3 0.3 0.3 0.3 0.3 0.3 0.3 0.3 0.3 0.3 0.3 0.3 0.3 0.3 0.3 0.3 0.3 0.3 0.3 0.3 0.3 0.3 0.3 0.3 0.3 0.3 0.3 0.3 0.3 0.3 0.3 0.3 0.3 0.3 0.3 0.3 0.3 0.3 0.3 0.3 0.3 0.3 0.3 0.3 0.3 0.3 0.3 0.3 0.3 0.3 0.3 0.3 0.3 0.3 0.3 0.3 0.3 0.3 0.3 0.3 0.3 0.3 0.3 0.3 0.3 0.3 0.3 0.3 0.3 0.3 0.3 0.3 0.3 0.3 0.3 0.3 0.3 0.3 0.3 0.3 0.3 0.3 0.3 0.3 0.3 0.3 0.3 0.3 0.3 0.3 0.3 0.3 0.3 0.3 0.3 0.3 0.3 0.3 0.3 0.3 0.3 0.3 0.3 0.3 0.3 0.3 0.3 0.3 0.3 0.3 0.3 0.3 0.3 0.3 0.3 0.3 0.3 0.3 0.3 0.3 0.3 0.3 0.3 0.3 0.3 0.3 0.3 0.3 0.3 0.3 0.3 0.3 0.3 0.3 0.3 0.3 0.3 0.3 0.3 0.3 0.3 0.3 0.3 0.3 0.3 0.3 0.3 0.3 0.3 0.3 0.3 0.3 0.3 0.3 0.3 0.3 0.3 0.3 0.3 0.3 0.3 0.3 0.3 0.3 0.3 0.3 0.3 0.3 0.3 0.3 0.3 0.3 0.3 0.3 0.3 0.3 0.3 0.3 0.3 0.3 0.3 0.3 0.3 0.3 0.3 0.3 0.3 0.3 0.3 0.3 0.3 0.3 0.3 0.3 0.3 0.3 0.3 0.3 0.3 0.3 0.3 0.3 0.3 0.3 0.3 0.3 0.3 0.3 0.3 0.3 0.3 0.3 0.3 0.3 0.3 0.3 0.3 0.3 0.3 0.3 0.3 0.3 0.3 0.3 0.3 0.3 0.3 0.3 0.3 0.3 0.3 0.3 0.3 0.3 0.3 0.3 0.3 0.3 0.3 0.3 0.3 0.3 0.3 0.3 0.3 0.3 0.3 0.3 0.3 0.3 0.3 0.3 0.3 0.3 0.3 0.3 0.3 0.3 0.3 0.3 0.3 0.3 0.3 0.3 0.3 0.3 0.3 0.3 0.3 0.3 0.3 0.3 0.3 0.3 0.3 0.3 0.3 0.3 0.3 0.3
/

trunk	height
&indivhttrunk
nodates = 1
values = 1e-05 1e-05 1e-05 1e-05 1e-05 1e-05 1e-05 1e-05 1e-05 1e-05 1e-05 1e-05 1e-05 1e-05 1e-05 1e-05 1e-05 1e-05 1e-05 1e-05 1e-05 1e-05 1e-05 1e-05 1e-05 1e-05 1e-05 1e-05 1e-05 1e-05 1e-05 1e-05 1e-05 1e-05 1e-05 1e-05 1e-05 1e-05 1e-05 1e-05 1e-05 1e-05 1e-05 1e-05 1e-05 1e-05 1e-05 1e-05 1e-05 1e-05 1e-05 1e-05 1e-05 1e-05 12.58 22.02 23.54 27.54 1.59 30.23 9.73 16.19 18.8 8.85 0.01 11.41 15.63 8.28 8.09 17.48 13.94 18.26 14.6 8.2 24.78 20.79 1e-05 1e-05 1e-05 1e-05 11 4.71 28.67 10.1 12.86 12.1 17.9 27 27.61 6.12 4.81 3.65 5.6 29.7 15.06 8.68 10.49 23.06 16.95 12.64 9.38 8.53 1e-05 1e-05 1e-05 1e-05 12.37 7.29 13.12 18.54 25.19 19.23 18.42 24.23 23.6 15.8 9.13 24.31 16.04 27.83 11.77 7.17 19.03 9.98 19.79 2.07 1.93 20.17 1e-05 1e-05 1e-05 1e-05 22.74 20.9 30.83 4.1 10.63 18.07 8.95 15.64 20.6 10.1 19.93 19.12 8.95 7.52 22.32 13.73 20.42 8.67 24.58 4.93 20.74 18.48 1e-05 1e-05 1e-05 1e-05 12.99 17.7 5.15 8.37 30.58 5.71 22.43 23.16 21.3 15.43 17.43 8.21 10.11 13.03 7.99 21.16 2.82 7.27 5.54 17.94 6.51 19.08 1e-05 1e-05 1e-05 1e-05 18.78 5.46 14.42 4.91 13 23.16 20.25 11.68 9.09 8.57 9.4 17.23 7.35 36.53 16.64 7.75 17.88 14.09 12.37 19.5 16.73 22.7 1e-05 1e-05 1e-05 1e-05 18.39 24.11 5.07 6.45 27.57 17.99 20.37 9.05 29.43 15.53 18.52 14.33 21.71 12.2 31.94 26.8 0.34 10.36 14.78 2.09 7.1 10.72 1e-05 1e-05 1e-05 1e-05 36.66 23.8 19.12 20.84 10.76 15.77 17.11 11.44 11.56 18.76 11.96 13.67 12.6 21.33 18.63 12.72 12.86 22.35 13.72 25.07 14.26 12.59 1e-05 1e-05 1e-05 1e-05 18.46 18.96 14.72 14.65 15.04 5.81 16.88 27.04 22.5 22.5 22.5 22.5 22.5 22.5 24.6 10.29 25.13 27.54 23.8 15.05 24.79 14.3 1e-05 1e-05 1e-05 1e-05 26.16 12.34 18.14 4.72 9.87 12.61 12.63 21.63 22.5 22.5 22.5 22.5 22.5 22.5 9.89 18.86 11.49 11.23 0.2 10.73 18.56 24.13 1e-05 1e-05 1e-05 1e-05 23.17 21.91 17.73 17.21 18.97 22.27 29.31 26.27 22.5 22.5 22.5 22.5 22.5 22.5 12.7 20.74 14.84 26.19 18.36 16.31 17.9 5.33 1e-05 1e-05 1e-05 1e-05 22.38 21.21 17.87 25.92 20 12.22 26.61 32.47 22.5 22.5 22.5 22.5 22.5 22.5 25.67 12.31 11.27 0.86 6.45 11.57 23.8 12.6 1e-05 1e-05 1e-05 1e-05 24.23 14.74 10.03 13.13 34 16.19 20.64 11.79 22.5 22.5 22.5 22.5 22.5 22.5 14.79 25.6 21.22 16.38 25.05 24.02 21.54 14.13 1e-05 1e-05 1e-05 1e-05 21.89 13.39 7.39 8.78 21.43 13.21 9.73 23.61 22.5 22.5 22.5 22.5 22.5 22.5 5.15 23.31 7.44 26.82 17.18 20.55 5.58 25.59 1e-05 1e-05 1e-05 1e-05 20.88 6.11 17.59 6.2 12.47 7.32 24.94 15.28 14.42 11.7 16.61 14.91 11.6 12.88 3.22 17.22 16.86 13.97 9.64 22.99 18.8 10.41 1e-05 1e-05 1e-05 1e-05 12.98 11.21 30.58 20.02 16.53 14.72 15.87 13.08 9.94 22.07 18.7 18.33 14.48 24.76 4.81 26.66 25.86 21.96 5.2 17.07 9.01 12.17 1e-05 1e-05 1e-05 1e-05 8.29 14.41 26.97 5.97 2.53 15.52 7.89 7.87 21.51 16.19 24.72 6.87 17.95 14.8 5.58 7.98 13.52 16.07 11.55 19.63 9.6 10.62 1e-05 1e-05 1e-05 1e-05 6.42 26.03 3.73 16.06 3.33 31.32 17.21 18.33 28.64 19.77 14.91 21.08 16.13 21.13 18.06 16.07 14.22 20.26 22.81 15.37 28.16 15.39 1e-05 1e-05 1e-05 1e-05 11.13 26.43 12.56 24.38 19.88 15.69 14.52 8.73 27.97 7.75 19.25 11.62 6.77 5.59 31.18 17.55 19.03 22.19 25.66 13.75 20.91 10.3 1e-05 1e-05 1e-05 1e-05 9.27 25.96 4.84 5.87 25.79 35.17 25.43 23.26 12.96 23.64 20.4 15.48 14.48 23.96 6.49 22.99 15.38 21.06 25.06 10.87 19.75 12.56 1e-05 1e-05 1e-05 1e-05 12.51 14.92 25.75 9.34 18.72 8.49 14.16 16.5 2.66 20.89 13.85 3.28 6.98 6.64 14.14 8.29 10.09 23.84 22.14 15.81 26.89 21.2 1e-05 1e-05 1e-05 1e-05 19.06 15.98 13.13 22.2 5.46 10.77 17.12 10.95 20.71 15.89 15.68 24.8 17.64 9.02 1.26 23.27 4.08 13.47 20.85 7.53 24.55 16.61 1e-05 1e-05 1e-05 1e-05 1e-05 1e-05 1e-05 1e-05 1e-05 1e-05 1e-05 1e-05 1e-05 1e-05 1e-05 1e-05 1e-05 1e-05 1e-05 1e-05 1e-05 1e-05 1e-05 1e-05 1e-05 1e-05 1e-05 1e-05 1e-05 1e-05 1e-05 1e-05 1e-05 1e-05 1e-05 1e-05 1e-05 1e-05 1e-05 1e-05 1e-05 1e-05 1e-05 1e-05 1e-05 1e-05 1e-05 1e-05 1e-05 1e-05 1e-05 1e-05 1e-05 1e-05
/

leaf	area
&indivlarea
nodates = 1
values = 2000
2000
2000
2000
2000
2000
2000
2000
2000
2000
2000
2000
2000
2000
2000
2000
2000
2000
2000
2000
2000
2000
2000
2000
2000
2000
2000
2000
2000
2000
2000
2000
2000
2000
2000
2000
2000
2000
2000
2000
2000
2000
2000
2000
2000
2000
2000
2000
2000
2000
2000
2000
2000
2000
27
27
27
27
27
27
27
27
27
27
27
27
27
27
27
27
27
27
27
27
27
27
2000
2000
2000
2000
27
27
27
27
27
27
27
27
27
27
27
27
27
27
27
27
27
27
27
27
27
27
2000
2000
2000
2000
27
27
27
27
27
27
27
27
27
27
27
27
27
27
27
27
27
27
27
27
27
27
2000
2000
2000
2000
27
27
27
27
27
27
27
27
27
27
27
27
27
27
27
27
27
27
27
27
27
27
2000
2000
2000
2000
27
27
27
27
27
27
27
27
27
27
27
27
27
27
27
27
27
27
27
27
27
27
2000
2000
2000
2000
27
27
27
27
27
27
27
27
27
27
27
27
27
27
27
27
27
27
27
27
27
27
2000
2000
2000
2000
27
27
27
27
27
27
27
27
27
27
27
27
27
27
27
27
27
27
27
27
27
27
2000
2000
2000
2000
27
27
27
27
27
27
27
27
27
27
27
27
27
27
27
27
27
27
27
27
27
27
2000
2000
2000
2000
27
27
27
27
27
27
27
27
0.1
0.1
0.1
0.1
0.1
0.1
27
27
27
27
27
27
27
27
2000
2000
2000
2000
27
27
27
27
27
27
27
27
0.1
0.1
0.1
0.1
0.1
0.1
27
27
27
27
27
27
27
27
2000
2000
2000
2000
27
27
27
27
27
27
27
27
0.1
0.1
0.1
0.1
0.1
0.1
27
27
27
27
27
27
27
27
2000
2000
2000
2000
27
27
27
27
27
27
27
27
0.1
0.1
0.1
0.1
0.1
0.1
27
27
27
27
27
27
27
27
2000
2000
2000
2000
27
27
27
27
27
27
27
27
0.1
0.1
0.1
0.1
0.1
0.1
27
27
27
27
27
27
27
27
2000
2000
2000
2000
27
27
27
27
27
27
27
27
0.1
0.1
0.1
0.1
0.1
0.1
27
27
27
27
27
27
27
27
2000
2000
2000
2000
27
27
27
27
27
27
27
27
27
27
27
27
27
27
27
27
27
27
27
27
27
27
2000
2000
2000
2000
27
27
27
27
27
27
27
27
27
27
27
27
27
27
27
27
27
27
27
27
27
27
2000
2000
2000
2000
27
27
27
27
27
27
27
27
27
27
27
27
27
27
27
27
27
27
27
27
27
27
2000
2000
2000
2000
27
27
27
27
27
27
27
27
27
27
27
27
27
27
27
27
27
27
27
27
27
27
2000
2000
2000
2000
27
27
27
27
27
27
27
27
27
27
27
27
27
27
27
27
27
27
27
27
27
27
2000
2000
2000
2000
27
27
27
27
27
27
27
27
27
27
27
27
27
27
27
27
27
27
27
27
27
27
2000
2000
2000
2000
27
27
27
27
27
27
27
27
27
27
27
27
27
27
27
27
27
27
27
27
27
27
2000
2000
2000
2000
27
27
27
27
27
27
27
27
27
27
27
27
27
27
27
27
27
27
27
27
27
27
2000
2000
2000
2000
2000
2000
2000
2000
2000
2000
2000
2000
2000
2000
2000
2000
2000
2000
2000
2000
2000
2000
2000
2000
2000
2000
2000
2000
2000
2000
2000
2000
2000
2000
2000
2000
2000
2000
2000
2000
2000
2000
2000
2000
2000
2000
2000
2000
2000
2000
2000
2000
2000
2000 

/

