Program:    MAESPA                                                                          
Control:    &control                                                                        
Trees:      Example trees file.                                                             
Structure:                                                                      Multispecies
Physiology:                                                                     Multispecies
Met data:   Example met file (Tumbarumba)                                                   
Water bal.: Example water balance parameters.                                               
                                                                                
DOY: simulation date
Tree: tree number
Spec: tree species number
absPAR:   absorbed PAR              MJ tree-1 d-1
absNIR:   absorbed NIR              MJ  tree-1 d-1
absTherm: absorbed thermal          MJ tree-1 d-1
totPs: gross photosynthesis         mol tree-1 d-1
totRf: daily foliar respiration     mol tree-1 d-1
netPs: photosyn. net of foliar resp   mol tree-1 d-1
totLE1: daily transpiration         mol H2O tree-1 d-1
totLE2: daily transpirn (CANOPY calc) mol H2O m-2 d-1
totH:  daily sensible heat flux     MJ tree-1 d-1
                                                                                
Columns: DOY Tree Spec absPAR absNIR absTherm totPs totRf netPs totLE1 totLE2 totH
      1  951    1       0.0448       0.0300       0.1208       0.0109       0.0026       0.0082       1.2460       0.0680       0.0786
      1  952    1       0.0775       0.0388       0.1171       0.0170       0.0026       0.0144       1.5652       0.1048       0.1029
      1  953    1       0.1633       0.0568       0.1078       0.0281       0.0026       0.0255       2.0265       0.1710       0.1787
      1  954    1       0.2772       0.0776       0.0959       0.0365       0.0026       0.0339       2.3875       0.2210       0.2883
      1  955    1       0.4165       0.1031       0.0913       0.0426       0.0026       0.0399       2.7367       0.2572       0.4333
      1  956    1       0.3600       0.0921       0.0912       0.0407       0.0026       0.0381       2.5788       0.2465       0.3730
      1  957    1       0.3200       0.0855       0.0962       0.0390       0.0026       0.0364       2.5136       0.2364       0.3332
      1  958    1       0.2607       0.0747       0.0996       0.0353       0.0026       0.0326       2.3956       0.2140       0.2711
      1  959    1       0.1718       0.0586       0.1068       0.0286       0.0026       0.0260       2.0923       0.1751       0.1855
      1  960    1       0.0837       0.0405       0.1159       0.0181       0.0026       0.0155       1.6261       0.1123       0.1073
      1  961    1       0.0479       0.0313       0.1197       0.0118       0.0026       0.0091       1.3130       0.0736       0.0793
      1 1000    1       0.0526       0.0323       0.1195       0.0123       0.0026       0.0097       1.3476       0.0767       0.0834
      1 1001    1       0.0798       0.0397       0.1159       0.0172       0.0026       0.0146       1.6021       0.1059       0.1037
      1 1002    1       0.1399       0.0522       0.1080       0.0252       0.0026       0.0226       1.9707       0.1539       0.1536
      1 1003    1       0.1950       0.0615       0.1026       0.0306       0.0026       0.0280       2.1745       0.1866       0.2043
      1 1004    1       0.2238       0.0665       0.1021       0.0329       0.0026       0.0302       2.2791       0.2000       0.2326
      1 1005    1       0.2485       0.0712       0.0979       0.0346       0.0026       0.0319       2.3511       0.2098       0.2559
      1 1006    1       0.2333       0.0687       0.0987       0.0338       0.0026       0.0312       2.2924       0.2053       0.2415
      1 1007    1       0.2210       0.0672       0.1026       0.0327       0.0026       0.0301       2.3038       0.1992       0.2302
      1 1008    1       0.1380       0.0518       0.1106       0.0252       0.0026       0.0225       1.9359       0.1549       0.1547
      1 1009    1       0.0735       0.0383       0.1164       0.0163       0.0026       0.0137       1.5554       0.1011       0.0984
      1 1010    1       0.0449       0.0305       0.1201       0.0112       0.0026       0.0085       1.2696       0.0699       0.0777
      1 1049    1       0.0504       0.0316       0.1199       0.0118       0.0026       0.0092       1.3237       0.0736       0.0818
      1 1050    1       0.0791       0.0395       0.1159       0.0170       0.0026       0.0144       1.6008       0.1047       0.1029
      1 1051    1       0.1283       0.0497       0.1105       0.0241       0.0026       0.0215       1.8774       0.1475       0.1453
      1 1052    1       0.1977       0.0621       0.1028       0.0310       0.0026       0.0284       2.1573       0.1890       0.2084
      1 1053    1       0.2315       0.0682       0.0977       0.0334       0.0026       0.0308       2.2974       0.2030       0.2383
      1 1054    1       0.2370       0.0692       0.1001       0.0340       0.0026       0.0314       2.2823       0.2063       0.2469
      1 1055    1       0.2423       0.0705       0.0994       0.0345       0.0026       0.0319       2.3181       0.2095       0.2516
      1 1056    1       0.2017       0.0631       0.1028       0.0314       0.0026       0.0288       2.2150       0.1915       0.2109
      1 1057    1       0.1400       0.0521       0.1109       0.0252       0.0026       0.0226       1.9694       0.1549       0.1555
      1 1058    1       0.0771       0.0389       0.1166       0.0168       0.0026       0.0142       1.5759       0.1047       0.1020
      1 1059    1       0.0440       0.0302       0.1203       0.0110       0.0026       0.0084       1.2483       0.0691       0.0776
      1 1098    1       0.0479       0.0310       0.1202       0.0115       0.0026       0.0088       1.2906       0.0714       0.0804
      1 1099    1       0.0797       0.0395       0.1164       0.0172       0.0026       0.0146       1.5946       0.1057       0.1041
      1 1100    1       0.1469       0.0536       0.1079       0.0260       0.0026       0.0234       2.0013       0.1586       0.1604
      1 1101    1       0.2159       0.0657       0.1012       0.0323       0.0026       0.0297       2.2421       0.1962       0.2252
      1 1102    1       0.2536       0.0725       0.0980       0.0350       0.0026       0.0323       2.3640       0.2120       0.2619
      1 1103    1       0.2624       0.0742       0.0991       0.0355       0.0026       0.0329       2.3819       0.2149       0.2722
      1 1104    1       0.2450       0.0709       0.0980       0.0346       0.0026       0.0320       2.3394       0.2101       0.2528
      1 1105    1       0.2209       0.0671       0.1013       0.0326       0.0026       0.0300       2.2800       0.1983       0.2302
      1 1106    1       0.1458       0.0534       0.1094       0.0257       0.0026       0.0231       2.0088       0.1580       0.1599
      1 1107    1       0.0759       0.0388       0.1162       0.0166       0.0026       0.0140       1.5686       0.1033       0.1006
      1 1108    1       0.0462       0.0308       0.1200       0.0114       0.0026       0.0088       1.2846       0.0714       0.0785
      1 1147    1       0.0527       0.0322       0.1197       0.0123       0.0026       0.0097       1.3465       0.0763       0.0836
      1 1148    1       0.0846       0.0407       0.1159       0.0180       0.0026       0.0153       1.6408       0.1105       0.1077
      1 1149    1       0.1606       0.0563       0.1077       0.0275       0.0026       0.0249       2.0373       0.1675       0.1750
      1 1150    1       0.2422       0.0708       0.1012       0.0341       0.0026       0.0315       2.2966       0.2072       0.2541
      1 1151    1       0.2931       0.0798       0.0980       0.0374       0.0026       0.0348       2.3789       0.2262       0.3077
      1 1152    1       0.3356       0.0871       0.0911       0.0395       0.0026       0.0369       2.4600       0.2383       0.3489
      1 1153    1       0.3954       0.0981       0.0929       0.0419       0.0026       0.0393       2.6501       0.2526       0.4119
      1 1154    1       0.3111       0.0845       0.0949       0.0382       0.0026       0.0355       2.5221       0.2314       0.3224
      1 1155    1       0.1853       0.0613       0.1066       0.0298       0.0026       0.0272       2.1481       0.1822       0.1990
      1 1156    1       0.0875       0.0413       0.1155       0.0186       0.0026       0.0160       1.6513       0.1149       0.1105
      1 1157    1       0.0484       0.0314       0.1198       0.0118       0.0026       0.0092       1.3116       0.0740       0.0800
      1 1196    1       0.0569       0.0334       0.1191       0.0130       0.0026       0.0104       1.4014       0.0807       0.0861
      1 1197    1       0.0808       0.0399       0.1158       0.0173       0.0026       0.0146       1.6189       0.1063       0.1041
      1 1198    1       0.1357       0.0512       0.1097       0.0248       0.0026       0.0221       1.9342       0.1513       0.1511
      1 1199    1       0.2044       0.0635       0.1031       0.0316       0.0026       0.0289       2.1819       0.1920       0.2155
      1 1200    1       0.2381       0.0694       0.0987       0.0339       0.0026       0.0313       2.3001       0.2059       0.2466
      1 1201    1       0.2647       0.0746       0.0994       0.0358       0.0026       0.0332       2.3478       0.2167       0.2765
      1 1202    1       0.2476       0.0716       0.0984       0.0348       0.0026       0.0321       2.3495       0.2110       0.2560
      1 1203    1       0.2213       0.0672       0.1028       0.0327       0.0026       0.0301       2.2843       0.1995       0.2316
      1 1204    1       0.1340       0.0509       0.1107       0.0248       0.0026       0.0221       1.8978       0.1522       0.1515
      1 1205    1       0.0716       0.0375       0.1175       0.0160       0.0026       0.0134       1.5416       0.0994       0.0971
      1 1206    1       0.0430       0.0298       0.1206       0.0108       0.0026       0.0081       1.2278       0.0676       0.0773
      1 1245    1       0.0483       0.0309       0.1205       0.0114       0.0026       0.0088       1.2905       0.0712       0.0809
      1 1246    1       0.0766       0.0388       0.1166       0.0168       0.0026       0.0141       1.5728       0.1033       0.1013
      1 1247    1       0.1354       0.0513       0.1094       0.0249       0.0026       0.0223       1.9328       0.1522       0.1509
      1 1248    1       0.2033       0.0631       0.1015       0.0317       0.0026       0.0291       2.1689       0.1927       0.2136
      1 1249    1       0.2308       0.0680       0.0992       0.0335       0.0026       0.0309       2.2766       0.2032       0.2393
      1 1250    1       0.2441       0.0707       0.0981       0.0344       0.0026       0.0317       2.3347       0.2087       0.2520
      1 1251    1       0.2393       0.0700       0.0984       0.0340       0.0026       0.0313       2.3362       0.2064       0.2467
      1 1252    1       0.2106       0.0649       0.1039       0.0320       0.0026       0.0293       2.2327       0.1949       0.2215
      1 1253    1       0.1377       0.0517       0.1100       0.0252       0.0026       0.0225       1.9418       0.1545       0.1535
      1 1254    1       0.0767       0.0390       0.1159       0.0169       0.0026       0.0143       1.5689       0.1047       0.1015
      1 1255    1       0.0454       0.0306       0.1200       0.0112       0.0026       0.0086       1.2715       0.0703       0.0782
      1 1294    1       0.0503       0.0314       0.1202       0.0117       0.0026       0.0091       1.3189       0.0731       0.0819
      1 1295    1       0.0766       0.0389       0.1163       0.0167       0.0026       0.0141       1.5688       0.1032       0.1014
      1 1296    1       0.1308       0.0503       0.1104       0.0244       0.0026       0.0218       1.8986       0.1491       0.1475
      1 1297    1       0.2192       0.0664       0.1012       0.0325       0.0026       0.0299       2.2536       0.1979       0.2287
      1 1298    1       0.2449       0.0707       0.0987       0.0345       0.0026       0.0319       2.3200       0.2092       0.2538
      1 1299    1       0.2561       0.0729       0.0998       0.0350       0.0026       0.0324       2.3615       0.2124       0.2660
      1 1300    1       0.2502       0.0721       0.0995       0.0349       0.0026       0.0323       2.3564       0.2118       0.2595
      1 1301    1       0.2215       0.0670       0.1030       0.0328       0.0026       0.0301       2.2624       0.1996       0.2325
      1 1302    1       0.1378       0.0516       0.1092       0.0252       0.0026       0.0226       1.9545       0.1542       0.1523
      1 1303    1       0.0787       0.0395       0.1158       0.0171       0.0026       0.0145       1.6031       0.1063       0.1023
      1 1304    1       0.0487       0.0315       0.1196       0.0119       0.0026       0.0092       1.3204       0.0743       0.0799
      1 1343    1       0.0513       0.0319       0.1198       0.0120       0.0026       0.0093       1.3248       0.0744       0.0829
      1 1344    1       0.0816       0.0399       0.1160       0.0173       0.0026       0.0147       1.6300       0.1066       0.1045
      1 1345    1       0.1412       0.0524       0.1093       0.0254       0.0026       0.0228       1.9629       0.1550       0.1562
      1 1346    1       0.2152       0.0656       0.1033       0.0324       0.0026       0.0297       2.2202       0.1967       0.2269
      1 1347    1       0.2720       0.0761       0.1000       0.0361       0.0026       0.0335       2.3902       0.2186       0.2839
      1 1348    1       0.2853       0.0788       0.1013       0.0370       0.0026       0.0344       2.3771       0.2240       0.3013
      1 1349    1       0.2946       0.0805       0.0996       0.0376       0.0026       0.0350       2.4581       0.2277       0.3075
      1 1350    1       0.2821       0.0781       0.0980       0.0370       0.0026       0.0343       2.3697       0.2233       0.2955
      1 1351    1       0.3052       0.0826       0.0958       0.0379       0.0026       0.0353       2.4663       0.2286       0.3174
      1 1352    1       0.1330       0.0511       0.1128       0.0249       0.0026       0.0223       1.9253       0.1531       0.1515
      1 1353    1       0.0600       0.0341       0.1191       0.0140       0.0026       0.0114       1.4252       0.0875       0.0887
      1 1392    1       0.1574       0.0563       0.1099       0.0274       0.0026       0.0248       2.0615       0.1676       0.1728
      1 1393    1       0.1256       0.0498       0.1116       0.0239       0.0026       0.0212       1.9028       0.1462       0.1427
      1 1394    1       0.1663       0.0573       0.1069       0.0281       0.0026       0.0255       2.0794       0.1712       0.1792
      1 1395    1       0.2527       0.0728       0.0959       0.0348       0.0026       0.0322       2.3507       0.2111       0.2606
      1 1396    1       0.2888       0.0791       0.0984       0.0371       0.0026       0.0344       2.3915       0.2246       0.3026
      1 1397    1       0.3111       0.0830       0.0949       0.0383       0.0026       0.0357       2.4426       0.2317       0.3239
      1 1398    1       0.3260       0.0861       0.0891       0.0389       0.0026       0.0363       2.4929       0.2355       0.3359
      1 1399    1       0.3104       0.0829       0.0823       0.0383       0.0026       0.0357       2.4285       0.2320       0.3156
      1 1400    1       0.2386       0.0713       0.1018       0.0341       0.0026       0.0315       2.2840       0.2074       0.2525
      1 1401    1       0.1439       0.0530       0.1128       0.0261       0.0026       0.0235       1.8975       0.1597       0.1652
      1 1402    1       0.0915       0.0412       0.1176       0.0193       0.0026       0.0167       1.5843       0.1190       0.1189
      1 1441    1       0.3376       0.0884       0.0917       0.0398       0.0026       0.0372       2.5357       0.2415       0.3494
      1 1442    1       0.3298       0.0874       0.0944       0.0396       0.0026       0.0369       2.5061       0.2400       0.3440
      1 1443    1       0.3221       0.0860       0.0962       0.0391       0.0026       0.0365       2.4827       0.2375       0.3371
      1 1444    1       0.3008       0.0816       0.0976       0.0382       0.0026       0.0356       2.4094       0.2316       0.3156
      1 1445    1       0.3146       0.0838       0.0943       0.0388       0.0026       0.0362       2.4485       0.2352       0.3276
      1 1446    1       0.3439       0.0891       0.0900       0.0399       0.0026       0.0373       2.5184       0.2412       0.3559
      1 1447    1       0.3526       0.0902       0.0917       0.0405       0.0026       0.0378       2.5178       0.2448       0.3666
      1 1448    1       0.3412       0.0889       0.0902       0.0397       0.0026       0.0371       2.5274       0.2404       0.3529
      1 1449    1       0.2418       0.0718       0.1046       0.0347       0.0026       0.0321       2.2833       0.2118       0.2580
      1 1450    1       0.1276       0.0496       0.1135       0.0245       0.0026       0.0219       1.8230       0.1503       0.1494
      1 1451    1       0.0808       0.0391       0.1175       0.0177       0.0026       0.0151       1.5613       0.1094       0.1072
