   -0.1677    -0.1420    -0.1133    -0.0962    -0.0884    -0.1298    -0.2274    -0.2172    -0.1970    -0.2193    -0.2423    -0.2597    -0.2591    -0.2571    -0.2508    -0.2405    -0.2296    -0.2187    -0.2095    -0.2013
   -0.1677    -0.1420    -0.1133    -0.0962    -0.0884    -0.1298    -0.2274    -0.2172    -0.1970    -0.2193    -0.2423    -0.2597    -0.2591    -0.2571    -0.2508    -0.2405    -0.2296    -0.2187    -0.2095    -0.2013
   -0.0294    -0.1420    -0.1133    -0.0962    -0.0884    -0.1298    -0.2274    -0.2172    -0.1970    -0.2193    -0.2423    -0.2597    -0.2591    -0.2571    -0.2508    -0.2405    -0.2296    -0.2187    -0.2095    -0.2013
   -0.0158    -0.1420    -0.1133    -0.0962    -0.0884    -0.1298    -0.2274    -0.2172    -0.1970    -0.2193    -0.2423    -0.2597    -0.2591    -0.2571    -0.2508    -0.2405    -0.2296    -0.2187    -0.2095    -0.2013
   -0.0151    -0.1420    -0.1133    -0.0962    -0.0884    -0.1298    -0.2274    -0.2172    -0.1970    -0.2193    -0.2423    -0.2597    -0.2591    -0.2571    -0.2508    -0.2405    -0.2296    -0.2187    -0.2095    -0.2013
   -0.0151    -0.1420    -0.1133    -0.0962    -0.0884    -0.1298    -0.2274    -0.2172    -0.1970    -0.2193    -0.2423    -0.2597    -0.2591    -0.2571    -0.2508    -0.2405    -0.2296    -0.2187    -0.2095    -0.2013
   -0.0151    -0.1420    -0.1133    -0.0962    -0.0884    -0.1298    -0.2274    -0.2172    -0.1970    -0.2193    -0.2423    -0.2597    -0.2591    -0.2571    -0.2508    -0.2405    -0.2296    -0.2187    -0.2095    -0.2013
   -0.0110    -0.1419    -0.1133    -0.0962    -0.0884    -0.1298    -0.2274    -0.2172    -0.1970    -0.2193    -0.2423    -0.2597    -0.2591    -0.2571    -0.2508    -0.2405    -0.2296    -0.2187    -0.2095    -0.2013
   -0.0110    -0.1419    -0.1133    -0.0962    -0.0884    -0.1298    -0.2274    -0.2172    -0.1970    -0.2193    -0.2423    -0.2597    -0.2591    -0.2571    -0.2508    -0.2405    -0.2296    -0.2187    -0.2095    -0.2013
   -0.0110    -0.1418    -0.1133    -0.0962    -0.0884    -0.1298    -0.2274    -0.2172    -0.1970    -0.2193    -0.2423    -0.2597    -0.2591    -0.2571    -0.2508    -0.2405    -0.2296    -0.2187    -0.2095    -0.2013
   -0.0062    -0.1417    -0.1133    -0.0962    -0.0884    -0.1298    -0.2274    -0.2172    -0.1970    -0.2193    -0.2423    -0.2597    -0.2591    -0.2571    -0.2508    -0.2405    -0.2296    -0.2187    -0.2095    -0.2013
   -0.0046    -0.1414    -0.1133    -0.0962    -0.0884    -0.1298    -0.2274    -0.2172    -0.1970    -0.2193    -0.2423    -0.2597    -0.2591    -0.2571    -0.2508    -0.2405    -0.2296    -0.2187    -0.2095    -0.2013
   -0.0021    -0.1406    -0.1133    -0.0962    -0.0884    -0.1298    -0.2274    -0.2172    -0.1970    -0.2193    -0.2423    -0.2597    -0.2591    -0.2571    -0.2508    -0.2405    -0.2296    -0.2187    -0.2095    -0.2013
   -0.0021    -0.1344    -0.1133    -0.0962    -0.0884    -0.1298    -0.2274    -0.2172    -0.1970    -0.2193    -0.2423    -0.2597    -0.2591    -0.2571    -0.2508    -0.2405    -0.2296    -0.2187    -0.2095    -0.2013
   -0.0017    -0.1285    -0.1133    -0.0962    -0.0884    -0.1298    -0.2274    -0.2172    -0.1970    -0.2193    -0.2423    -0.2597    -0.2591    -0.2571    -0.2508    -0.2405    -0.2296    -0.2187    -0.2095    -0.2013
   -0.0018    -0.1198    -0.1133    -0.0962    -0.0884    -0.1298    -0.2274    -0.2172    -0.1970    -0.2193    -0.2423    -0.2597    -0.2591    -0.2571    -0.2508    -0.2405    -0.2296    -0.2187    -0.2095    -0.2013
   -0.0015    -0.1123    -0.1133    -0.0962    -0.0884    -0.1298    -0.2274    -0.2172    -0.1970    -0.2193    -0.2423    -0.2597    -0.2591    -0.2571    -0.2508    -0.2405    -0.2296    -0.2187    -0.2095    -0.2013
   -0.0013    -0.1019    -0.1133    -0.0962    -0.0884    -0.1298    -0.2274    -0.2172    -0.1970    -0.2193    -0.2423    -0.2597    -0.2591    -0.2571    -0.2508    -0.2405    -0.2296    -0.2187    -0.2095    -0.2013
   -0.0013    -0.0882    -0.1133    -0.0962    -0.0884    -0.1298    -0.2274    -0.2172    -0.1970    -0.2193    -0.2423    -0.2597    -0.2591    -0.2571    -0.2508    -0.2405    -0.2296    -0.2187    -0.2095    -0.2013
   -0.0014    -0.0780    -0.1133    -0.0962    -0.0884    -0.1298    -0.2274    -0.2172    -0.1970    -0.2193    -0.2423    -0.2597    -0.2591    -0.2571    -0.2508    -0.2405    -0.2296    -0.2187    -0.2095    -0.2013
   -0.0015    -0.0701    -0.1133    -0.0962    -0.0884    -0.1298    -0.2274    -0.2172    -0.1970    -0.2193    -0.2423    -0.2597    -0.2591    -0.2571    -0.2508    -0.2405    -0.2296    -0.2187    -0.2095    -0.2013
   -0.0015    -0.0638    -0.1133    -0.0962    -0.0884    -0.1298    -0.2274    -0.2172    -0.1970    -0.2193    -0.2423    -0.2597    -0.2591    -0.2571    -0.2508    -0.2405    -0.2296    -0.2187    -0.2095    -0.2013
   -0.0016    -0.0587    -0.1133    -0.0962    -0.0884    -0.1298    -0.2274    -0.2172    -0.1970    -0.2193    -0.2423    -0.2597    -0.2591    -0.2571    -0.2508    -0.2405    -0.2296    -0.2187    -0.2095    -0.2013
   -0.0016    -0.0545    -0.1133    -0.0962    -0.0884    -0.1298    -0.2274    -0.2172    -0.1970    -0.2193    -0.2423    -0.2597    -0.2591    -0.2571    -0.2508    -0.2405    -0.2296    -0.2187    -0.2095    -0.2013
