Program:    MAESPA                                                                          
Control:    &control                                                                        
Trees:      Example trees file.                                                             
Structure:                                                                      Multispecies
Physiology:                                                                     Multispecies
Met data:   Example met file (Tumbarumba)                                                   
Water bal.: Example water balance parameters.                                               
                                                                                
DOY: simulation date
Tree: tree number
Spec: tree species number
absPAR:   absorbed PAR              MJ tree-1 d-1
absNIR:   absorbed NIR              MJ  tree-1 d-1
absTherm: absorbed thermal          MJ tree-1 d-1
totPs: gross photosynthesis         mol tree-1 d-1
totRf: daily foliar respiration     mol tree-1 d-1
netPs: photosyn. net of foliar resp   mol tree-1 d-1
totLE1: daily transpiration         mol H2O tree-1 d-1
totLE2: daily transpirn (CANOPY calc) mol H2O m-2 d-1
totH:  daily sensible heat flux     MJ tree-1 d-1
                                                                                
Columns: DOY Tree Spec absPAR absNIR absTherm totPs totRf netPs totLE1 totLE2 totH
      1  783    1       0.1660       0.0533       0.1168       0.0280       0.0026       0.0253       1.8658       0.1703       0.1892
      1  784    1       0.1661       0.0537       0.1115       0.0284       0.0026       0.0258       1.8268       0.1731       0.1880
      1  785    1       0.1739       0.0547       0.1131       0.0292       0.0026       0.0265       1.9104       0.1776       0.1939
      1  786    1       0.1844       0.0568       0.1132       0.0298       0.0026       0.0272       1.9573       0.1819       0.2045
      1  787    1       0.1883       0.0575       0.1113       0.0304       0.0026       0.0277       1.9650       0.1853       0.2074
      1  788    1       0.1847       0.0569       0.1129       0.0301       0.0026       0.0275       1.9571       0.1838       0.2047
      1  789    1       0.1805       0.0562       0.1128       0.0297       0.0026       0.0271       1.9409       0.1816       0.2005
      1  790    1       0.1806       0.0560       0.1122       0.0299       0.0026       0.0273       1.9374       0.1825       0.2001
      1  791    1       0.1951       0.0589       0.1116       0.0311       0.0026       0.0285       1.9590       0.1894       0.2161
      1  792    1       0.2010       0.0602       0.1122       0.0315       0.0026       0.0289       1.9903       0.1919       0.2222
      1  828    1       0.1802       0.0564       0.1104       0.0295       0.0026       0.0268       1.9402       0.1793       0.1990
      1  829    1       0.1882       0.0575       0.1115       0.0304       0.0026       0.0278       1.9458       0.1849       0.2083
      1  830    1       0.1921       0.0582       0.1103       0.0306       0.0026       0.0279       1.9767       0.1857       0.2106
      1  831    1       0.2038       0.0605       0.1097       0.0314       0.0026       0.0287       2.0383       0.1908       0.2216
      1  832    1       0.2207       0.0662       0.1005       0.0329       0.0026       0.0303       2.0105       0.2000       0.2402
      1  833    1       0.2428       0.0682       0.1046       0.0345       0.0026       0.0319       2.1273       0.2093       0.2608
      1  834    1       0.2527       0.0702       0.1045       0.0353       0.0026       0.0327       2.1444       0.2143       0.2718
      1  835    1       0.2974       0.0795       0.0900       0.0379       0.0026       0.0353       2.2811       0.2292       0.3104
      1  836    1       0.3054       0.0808       0.1029       0.0384       0.0026       0.0358       2.3556       0.2336       0.3247
      1  837    1       0.2690       0.0743       0.1025       0.0367       0.0026       0.0340       2.2454       0.2234       0.2867
      1  873    1       0.2312       0.0661       0.1088       0.0337       0.0026       0.0311       2.0542       0.2047       0.2532
      1  874    1       0.2730       0.0743       0.1043       0.0364       0.0026       0.0337       2.2136       0.2197       0.2930
      1  875    1       0.3498       0.0889       0.0926       0.0399       0.0026       0.0373       2.4219       0.2404       0.3671
      1  876    1       0.3072       0.0812       0.1031       0.0383       0.0026       0.0357       2.3702       0.2327       0.3263
      1  877    1       0.2450       0.0691       0.1028       0.0347       0.0026       0.0321       2.1654       0.2114       0.2613
      1  878    1       0.2231       0.0650       0.0996       0.0332       0.0026       0.0306       2.0815       0.2024       0.2370
      1  879    1       0.2241       0.0651       0.1023       0.0332       0.0026       0.0306       2.0878       0.2020       0.2396
      1  880    1       0.2193       0.0636       0.1083       0.0328       0.0026       0.0302       2.0975       0.1999       0.2366
      1  881    1       0.2094       0.0615       0.1080       0.0321       0.0026       0.0295       2.0451       0.1958       0.2267
      1  882    1       0.1842       0.0568       0.1129       0.0301       0.0026       0.0274       1.9343       0.1839       0.2051
      1  918    1       0.2062       0.0616       0.1109       0.0317       0.0026       0.0291       1.9900       0.1923       0.2283
      1  919    1       0.2155       0.0628       0.1081       0.0324       0.0026       0.0297       2.0576       0.1965       0.2336
      1  920    1       0.2105       0.0636       0.0909       0.0319       0.0026       0.0292       2.0239       0.1937       0.2206
      1  921    1       0.2103       0.0632       0.0949       0.0319       0.0026       0.0293       2.0360       0.1942       0.2218
      1  922    1       0.1939       0.0585       0.1099       0.0309       0.0026       0.0282       1.9789       0.1881       0.2125
      1  923    1       0.1804       0.0558       0.1113       0.0297       0.0026       0.0271       1.9504       0.1815       0.1985
      1  924    1       0.1812       0.0560       0.1112       0.0298       0.0026       0.0272       1.9615       0.1821       0.1989
      1  925    1       0.1695       0.0538       0.1117       0.0287       0.0026       0.0261       1.9114       0.1754       0.1877
      1  926    1       0.1603       0.0520       0.1108       0.0279       0.0026       0.0252       1.8856       0.1704       0.1773
      1  927    1       0.1665       0.0531       0.1128       0.0285       0.0026       0.0258       1.8918       0.1743       0.1855
      1  963    1       0.1949       0.0591       0.1128       0.0307       0.0026       0.0281       1.9855       0.1867       0.2157
      1  964    1       0.1878       0.0574       0.1111       0.0303       0.0026       0.0276       1.9298       0.1839       0.2083
      1  965    1       0.1886       0.0573       0.1091       0.0303       0.0026       0.0277       1.9622       0.1843       0.2062
      1  966    1       0.1893       0.0595       0.0972       0.0302       0.0026       0.0276       1.9701       0.1842       0.2017
      1  967    1       0.1885       0.0574       0.1104       0.0303       0.0026       0.0277       1.9657       0.1849       0.2070
      1  968    1       0.1758       0.0549       0.1117       0.0292       0.0026       0.0266       1.9391       0.1786       0.1937
      1  969    1       0.1789       0.0555       0.1104       0.0295       0.0026       0.0269       1.9516       0.1800       0.1959
      1  970    1       0.1788       0.0554       0.1099       0.0295       0.0026       0.0269       1.9564       0.1805       0.1952
      1  971    1       0.1790       0.0555       0.1110       0.0295       0.0026       0.0268       1.9737       0.1803       0.1956
      1  972    1       0.1627       0.0526       0.1123       0.0281       0.0026       0.0255       1.8730       0.1723       0.1819
      1 1008    1       0.1866       0.0574       0.1125       0.0300       0.0026       0.0274       1.9529       0.1824       0.2071
      1 1009    1       0.1954       0.0590       0.1111       0.0306       0.0026       0.0280       2.0068       0.1862       0.2140
      1 1010    1       0.2058       0.0609       0.1088       0.0314       0.0026       0.0288       2.0441       0.1913       0.2230
      1 1011    1       0.1973       0.0608       0.1003       0.0310       0.0026       0.0284       1.9983       0.1887       0.2117
      1 1012    1       0.1999       0.0596       0.1087       0.0311       0.0026       0.0285       2.0422       0.1896       0.2158
      1 1013    1       0.1867       0.0571       0.1108       0.0302       0.0026       0.0276       1.9753       0.1842       0.2046
      1 1014    1       0.1814       0.0560       0.1111       0.0297       0.0026       0.0271       1.9847       0.1816       0.1980
      1 1015    1       0.1806       0.0559       0.1111       0.0296       0.0026       0.0270       1.9671       0.1810       0.1978
      1 1016    1       0.1727       0.0543       0.1110       0.0289       0.0026       0.0263       1.9444       0.1770       0.1894
      1 1017    1       0.1650       0.0532       0.1107       0.0283       0.0026       0.0257       1.8958       0.1735       0.1829
      1 1053    1       0.1985       0.0598       0.1117       0.0309       0.0026       0.0283       2.0198       0.1879       0.2178
      1 1054    1       0.1968       0.0594       0.1116       0.0308       0.0026       0.0282       1.9916       0.1873       0.2168
      1 1055    1       0.2034       0.0605       0.1100       0.0314       0.0026       0.0287       2.0229       0.1908       0.2220
      1 1056    1       0.1983       0.0605       0.0942       0.0311       0.0026       0.0285       1.9959       0.1893       0.2083
      1 1057    1       0.1872       0.0574       0.1126       0.0300       0.0026       0.0274       1.9813       0.1833       0.2064
      1 1058    1       0.1848       0.0568       0.1121       0.0300       0.0026       0.0274       1.9784       0.1830       0.2032
      1 1059    1       0.1892       0.0575       0.1092       0.0305       0.0026       0.0279       1.9951       0.1860       0.2055
      1 1060    1       0.1725       0.0543       0.1122       0.0291       0.0026       0.0264       1.9325       0.1775       0.1904
      1 1061    1       0.1710       0.0541       0.1105       0.0288       0.0026       0.0262       1.9249       0.1762       0.1880
      1 1062    1       0.1662       0.0537       0.1102       0.0283       0.0026       0.0257       1.8930       0.1733       0.1843
      1 1098    1       0.1874       0.0577       0.1123       0.0302       0.0026       0.0275       1.9353       0.1836       0.2089
      1 1099    1       0.1936       0.0585       0.1104       0.0308       0.0026       0.0282       1.9778       0.1872       0.2125
      1 1100    1       0.1915       0.0596       0.0885       0.0305       0.0026       0.0279       1.9245       0.1856       0.2004
      1 1101    1       0.1990       0.0595       0.1097       0.0309       0.0026       0.0283       2.0116       0.1883       0.2169
      1 1102    1       0.1926       0.0599       0.0910       0.0306       0.0026       0.0279       1.9696       0.1865       0.2014
      1 1103    1       0.1766       0.0552       0.1132       0.0294       0.0026       0.0268       1.8892       0.1795       0.1981
      1 1104    1       0.1809       0.0560       0.1114       0.0297       0.0026       0.0271       1.9522       0.1814       0.1991
      1 1105    1       0.1814       0.0560       0.1112       0.0298       0.0026       0.0272       1.9529       0.1817       0.1996
      1 1106    1       0.1877       0.0573       0.1114       0.0304       0.0026       0.0278       1.9710       0.1855       0.2064
      1 1107    1       0.1880       0.0574       0.1116       0.0305       0.0026       0.0279       1.9574       0.1864       0.2076
      1 1143    1       0.1954       0.0591       0.1116       0.0307       0.0026       0.0281       1.9955       0.1869       0.2150
      1 1144    1       0.1913       0.0581       0.1108       0.0303       0.0026       0.0277       1.9925       0.1844       0.2096
      1 1145    1       0.1953       0.0590       0.1119       0.0307       0.0026       0.0281       2.0045       0.1869       0.2145
      1 1146    1       0.1984       0.0605       0.0952       0.0311       0.0026       0.0285       1.9929       0.1895       0.2093
      1 1147    1       0.1986       0.0595       0.1105       0.0312       0.0026       0.0285       2.0123       0.1898       0.2171
      1 1148    1       0.2114       0.0630       0.0997       0.0322       0.0026       0.0295       2.0485       0.1956       0.2251
      1 1149    1       0.2172       0.0641       0.0991       0.0326       0.0026       0.0300       2.0862       0.1985       0.2298
      1 1150    1       0.2306       0.0661       0.1012       0.0338       0.0026       0.0312       2.1000       0.2057       0.2457
      1 1151    1       0.2677       0.0733       0.1047       0.0362       0.0026       0.0336       2.2085       0.2194       0.2872
      1 1152    1       0.3021       0.0819       0.0828       0.0380       0.0026       0.0354       2.2959       0.2297       0.3128
      1 1188    1       0.2184       0.0635       0.1099       0.0326       0.0026       0.0300       2.0442       0.1978       0.2390
      1 1189    1       0.2212       0.0640       0.1083       0.0329       0.0026       0.0303       2.0574       0.1995       0.2407
      1 1190    1       0.2362       0.0673       0.1028       0.0340       0.0026       0.0314       2.0933       0.2058       0.2539
      1 1191    1       0.2806       0.0759       0.1042       0.0368       0.0026       0.0342       2.2362       0.2220       0.3010
      1 1192    1       0.3040       0.0815       0.0803       0.0380       0.0026       0.0353       2.2795       0.2288       0.3131
      1 1193    1       0.2926       0.0784       0.1047       0.0378       0.0026       0.0352       2.3137       0.2300       0.3125
      1 1194    1       0.2562       0.0720       0.1019       0.0358       0.0026       0.0332       2.2072       0.2185       0.2731
      1 1195    1       0.2209       0.0642       0.1111       0.0331       0.0026       0.0305       2.0899       0.2021       0.2409
      1 1196    1       0.1982       0.0596       0.1125       0.0313       0.0026       0.0287       1.9843       0.1912       0.2194
      1 1197    1       0.1797       0.0565       0.1111       0.0296       0.0026       0.0270       1.9234       0.1811       0.1998
