   1       0.9635   0.3938   0.2173
   2       0.9737   0.3945   0.2088
   3       0.9846   0.4042   0.2102
   4       0.9166   0.3790   0.2016
   5       0.9346   0.4193   0.2239
   6       0.9548   0.4255   0.2263
   7       0.8839   0.3574   0.1908
   8       0.9048   0.3989   0.2106
   9       0.9284   0.4361   0.2314
  10       0.8606   0.3669   0.1966
  11       0.8814   0.4526   0.2456
  12       0.9049   0.4918   0.2699
  13       0.8463   0.4146   0.2286
  14       0.8640   0.4455   0.2363
  15       0.8838   0.4482   0.2323
  16       0.8439   0.4604   0.2700
  17       0.8537   0.4475   0.2545
  18       0.8642   0.4467   0.2489
  19       0.9635   0.4337   0.2510
  20       0.9737   0.4337   0.2358
  21       0.9846   0.4205   0.2267
  22       0.9166   0.3996   0.2396
  23       0.9346   0.4393   0.2529
  24       0.9548   0.4602   0.2670
  25       0.8839   0.3844   0.2127
  26       0.9048   0.4149   0.2343
  27       0.9284   0.4323   0.2399
  28       0.8606   0.4153   0.2358
  29       0.8814   0.3967   0.2055
  30       0.9049   0.4140   0.2126
  31       0.8463   0.4305   0.2414
  32       0.8640   0.4371   0.2513
  33       0.8838   0.4637   0.2791
  34       0.8439   0.4667   0.2640
  35       0.8537   0.4283   0.2275
  36       0.8642   0.4116   0.2170
  37       0.9635   0.3769   0.2104
  38       0.9737   0.3914   0.2284
  39       0.9846   0.4232   0.2566
  40       0.9166   0.3799   0.2173
  41       0.9346   0.4161   0.2453
  42       0.9548   0.4151   0.2435
  43       0.8839   0.3713   0.2185
  44       0.9048   0.3685   0.1973
  45       0.9284   0.3804   0.1992
  46       0.8606   0.4044   0.2283
  47       0.8814   0.3742   0.1972
  48       0.9049   0.3940   0.2141
  49       0.8463   0.4251   0.2386
  50       0.8640   0.4276   0.2175
  51       0.8838   0.4091   0.2087
  52       0.8439   0.4894   0.2802
  53       0.8537   0.4891   0.2764
  54       0.8642   0.4777   0.2629
  55       0.9635   0.3703   0.2006
  56       0.9737   0.3733   0.1920
  57       0.9846   0.3701   0.1902
  58       0.9166   0.3579   0.1892
  59       0.9346   0.3857   0.2010
  60       0.9548   0.4040   0.2074
  61       0.8839   0.3895   0.2192
  62       0.9048   0.4138   0.2369
  63       0.9284   0.4101   0.2239
  64       0.8606   0.3655   0.1967
  65       0.8814   0.4218   0.2262
  66       0.9049   0.4486   0.2414
  67       0.8463   0.4394   0.2494
  68       0.8640   0.4221   0.2406
  69       0.8838   0.4392   0.2621
  70       0.8439   0.4839   0.2809
  71       0.8537   0.4896   0.2858
  72       0.8642   0.5031   0.2907
