   -0.1677    -0.1420    -0.1133    -0.0962    -0.0884    -0.1298    -0.2274    -0.2172    -0.1970    -0.2193    -0.2423    -0.2597    -0.2591    -0.2571    -0.2508    -0.2405    -0.2296    -0.2187    -0.2095    -0.2013
   -0.1677    -0.1420    -0.1133    -0.0962    -0.0884    -0.1298    -0.2274    -0.2172    -0.1970    -0.2193    -0.2423    -0.2597    -0.2591    -0.2571    -0.2508    -0.2405    -0.2296    -0.2187    -0.2095    -0.2013
   -0.1677    -0.1420    -0.1133    -0.0962    -0.0884    -0.1298    -0.2274    -0.2172    -0.1970    -0.2193    -0.2423    -0.2597    -0.2591    -0.2571    -0.2508    -0.2405    -0.2296    -0.2187    -0.2095    -0.2013
   -0.0966    -0.1420    -0.1133    -0.0962    -0.0884    -0.1298    -0.2274    -0.2172    -0.1970    -0.2193    -0.2423    -0.2597    -0.2591    -0.2571    -0.2508    -0.2405    -0.2296    -0.2187    -0.2095    -0.2013
   -0.0512    -0.1420    -0.1133    -0.0962    -0.0884    -0.1298    -0.2274    -0.2172    -0.1970    -0.2193    -0.2423    -0.2597    -0.2591    -0.2571    -0.2508    -0.2405    -0.2296    -0.2187    -0.2095    -0.2013
   -0.0279    -0.1420    -0.1133    -0.0962    -0.0884    -0.1298    -0.2274    -0.2172    -0.1970    -0.2193    -0.2423    -0.2597    -0.2591    -0.2571    -0.2508    -0.2405    -0.2296    -0.2187    -0.2095    -0.2013
   -0.0267    -0.1420    -0.1133    -0.0962    -0.0884    -0.1298    -0.2274    -0.2172    -0.1970    -0.2193    -0.2423    -0.2597    -0.2591    -0.2571    -0.2508    -0.2405    -0.2296    -0.2187    -0.2095    -0.2013
   -0.0119    -0.1420    -0.1133    -0.0962    -0.0884    -0.1298    -0.2274    -0.2172    -0.1970    -0.2193    -0.2423    -0.2597    -0.2591    -0.2571    -0.2508    -0.2405    -0.2296    -0.2187    -0.2095    -0.2013
   -0.0113    -0.1420    -0.1133    -0.0962    -0.0884    -0.1298    -0.2274    -0.2172    -0.1970    -0.2193    -0.2423    -0.2597    -0.2591    -0.2571    -0.2508    -0.2405    -0.2296    -0.2187    -0.2095    -0.2013
   -0.0113    -0.1419    -0.1133    -0.0962    -0.0884    -0.1298    -0.2274    -0.2172    -0.1970    -0.2193    -0.2423    -0.2597    -0.2591    -0.2571    -0.2508    -0.2405    -0.2296    -0.2187    -0.2095    -0.2013
   -0.0113    -0.1418    -0.1133    -0.0962    -0.0884    -0.1298    -0.2274    -0.2172    -0.1970    -0.2193    -0.2423    -0.2597    -0.2591    -0.2571    -0.2508    -0.2405    -0.2296    -0.2187    -0.2095    -0.2013
   -0.0085    -0.1418    -0.1133    -0.0962    -0.0884    -0.1298    -0.2274    -0.2172    -0.1970    -0.2193    -0.2423    -0.2597    -0.2591    -0.2571    -0.2508    -0.2405    -0.2296    -0.2187    -0.2095    -0.2013
   -0.0045    -0.1416    -0.1133    -0.0962    -0.0884    -0.1298    -0.2274    -0.2172    -0.1970    -0.2193    -0.2423    -0.2597    -0.2591    -0.2571    -0.2508    -0.2405    -0.2296    -0.2187    -0.2095    -0.2013
   -0.0033    -0.1408    -0.1133    -0.0962    -0.0884    -0.1298    -0.2274    -0.2172    -0.1970    -0.2193    -0.2423    -0.2597    -0.2591    -0.2571    -0.2508    -0.2405    -0.2296    -0.2187    -0.2095    -0.2013
   -0.0025    -0.1390    -0.1133    -0.0962    -0.0884    -0.1298    -0.2274    -0.2172    -0.1970    -0.2193    -0.2423    -0.2597    -0.2591    -0.2571    -0.2508    -0.2405    -0.2296    -0.2187    -0.2095    -0.2013
   -0.0019    -0.1351    -0.1133    -0.0962    -0.0884    -0.1298    -0.2274    -0.2172    -0.1970    -0.2193    -0.2423    -0.2597    -0.2591    -0.2571    -0.2508    -0.2405    -0.2296    -0.2187    -0.2095    -0.2013
   -0.0020    -0.1281    -0.1133    -0.0962    -0.0884    -0.1298    -0.2274    -0.2172    -0.1970    -0.2193    -0.2423    -0.2597    -0.2591    -0.2571    -0.2508    -0.2405    -0.2296    -0.2187    -0.2095    -0.2013
   -0.0020    -0.1216    -0.1133    -0.0962    -0.0884    -0.1298    -0.2274    -0.2172    -0.1970    -0.2193    -0.2423    -0.2597    -0.2591    -0.2571    -0.2508    -0.2405    -0.2296    -0.2187    -0.2095    -0.2013
   -0.0020    -0.1159    -0.1133    -0.0962    -0.0884    -0.1298    -0.2274    -0.2172    -0.1970    -0.2193    -0.2423    -0.2597    -0.2591    -0.2571    -0.2508    -0.2405    -0.2296    -0.2187    -0.2095    -0.2013
   -0.0017    -0.1108    -0.1133    -0.0962    -0.0884    -0.1298    -0.2274    -0.2172    -0.1970    -0.2193    -0.2423    -0.2597    -0.2591    -0.2571    -0.2508    -0.2405    -0.2296    -0.2187    -0.2095    -0.2013
   -0.0013    -0.1029    -0.1133    -0.0962    -0.0884    -0.1298    -0.2274    -0.2172    -0.1970    -0.2193    -0.2423    -0.2597    -0.2591    -0.2571    -0.2508    -0.2405    -0.2296    -0.2187    -0.2095    -0.2013
   -0.0014    -0.0904    -0.1133    -0.0962    -0.0884    -0.1298    -0.2274    -0.2172    -0.1970    -0.2193    -0.2423    -0.2597    -0.2591    -0.2571    -0.2508    -0.2405    -0.2296    -0.2187    -0.2095    -0.2013
   -0.0012    -0.0805    -0.1133    -0.0962    -0.0884    -0.1298    -0.2274    -0.2172    -0.1970    -0.2193    -0.2423    -0.2597    -0.2591    -0.2571    -0.2508    -0.2405    -0.2296    -0.2187    -0.2095    -0.2013
   -0.0013    -0.0683    -0.1133    -0.0962    -0.0884    -0.1298    -0.2274    -0.2172    -0.1970    -0.2193    -0.2423    -0.2597    -0.2591    -0.2571    -0.2508    -0.2405    -0.2296    -0.2187    -0.2095    -0.2013
