   -0.1677    -0.1420    -0.1133    -0.0962    -0.0884    -0.1298    -0.2274    -0.2172    -0.1970    -0.2193    -0.2423    -0.2597    -0.2591    -0.2571    -0.2508    -0.2405    -0.2296    -0.2187    -0.2095    -0.2013
   -0.0965    -0.1420    -0.1133    -0.0962    -0.0884    -0.1298    -0.2274    -0.2172    -0.1970    -0.2193    -0.2423    -0.2597    -0.2591    -0.2571    -0.2508    -0.2405    -0.2296    -0.2187    -0.2095    -0.2013
   -0.0944    -0.1420    -0.1133    -0.0962    -0.0884    -0.1298    -0.2274    -0.2172    -0.1970    -0.2193    -0.2423    -0.2597    -0.2591    -0.2571    -0.2508    -0.2405    -0.2296    -0.2187    -0.2095    -0.2013
   -0.0571    -0.1420    -0.1133    -0.0962    -0.0884    -0.1298    -0.2274    -0.2172    -0.1970    -0.2193    -0.2423    -0.2597    -0.2591    -0.2571    -0.2508    -0.2405    -0.2296    -0.2187    -0.2095    -0.2013
   -0.0557    -0.1420    -0.1133    -0.0962    -0.0884    -0.1298    -0.2274    -0.2172    -0.1970    -0.2193    -0.2423    -0.2597    -0.2591    -0.2571    -0.2508    -0.2405    -0.2296    -0.2187    -0.2095    -0.2013
   -0.0355    -0.1420    -0.1133    -0.0962    -0.0884    -0.1298    -0.2274    -0.2172    -0.1970    -0.2193    -0.2423    -0.2597    -0.2591    -0.2571    -0.2508    -0.2405    -0.2296    -0.2187    -0.2095    -0.2013
   -0.0346    -0.1420    -0.1133    -0.0962    -0.0884    -0.1298    -0.2274    -0.2172    -0.1970    -0.2193    -0.2423    -0.2597    -0.2591    -0.2571    -0.2508    -0.2405    -0.2296    -0.2187    -0.2095    -0.2013
   -0.0346    -0.1420    -0.1133    -0.0962    -0.0884    -0.1298    -0.2274    -0.2172    -0.1970    -0.2193    -0.2423    -0.2597    -0.2591    -0.2571    -0.2508    -0.2405    -0.2296    -0.2187    -0.2095    -0.2013
   -0.0346    -0.1420    -0.1133    -0.0962    -0.0884    -0.1298    -0.2274    -0.2172    -0.1970    -0.2193    -0.2423    -0.2597    -0.2591    -0.2571    -0.2508    -0.2405    -0.2296    -0.2187    -0.2095    -0.2013
   -0.0240    -0.1420    -0.1133    -0.0962    -0.0884    -0.1298    -0.2274    -0.2172    -0.1970    -0.2193    -0.2423    -0.2597    -0.2591    -0.2571    -0.2508    -0.2405    -0.2296    -0.2187    -0.2095    -0.2013
   -0.0114    -0.1420    -0.1133    -0.0962    -0.0884    -0.1298    -0.2274    -0.2172    -0.1970    -0.2193    -0.2423    -0.2597    -0.2591    -0.2571    -0.2508    -0.2405    -0.2296    -0.2187    -0.2095    -0.2013
   -0.0080    -0.1420    -0.1133    -0.0962    -0.0884    -0.1298    -0.2274    -0.2172    -0.1970    -0.2193    -0.2423    -0.2597    -0.2591    -0.2571    -0.2508    -0.2405    -0.2296    -0.2187    -0.2095    -0.2013
   -0.0080    -0.1418    -0.1133    -0.0962    -0.0884    -0.1298    -0.2274    -0.2172    -0.1970    -0.2193    -0.2423    -0.2597    -0.2591    -0.2571    -0.2508    -0.2405    -0.2296    -0.2187    -0.2095    -0.2013
   -0.0047    -0.1416    -0.1133    -0.0962    -0.0884    -0.1298    -0.2274    -0.2172    -0.1970    -0.2193    -0.2423    -0.2597    -0.2591    -0.2571    -0.2508    -0.2405    -0.2296    -0.2187    -0.2095    -0.2013
   -0.0036    -0.1409    -0.1133    -0.0962    -0.0884    -0.1298    -0.2274    -0.2172    -0.1970    -0.2193    -0.2423    -0.2597    -0.2591    -0.2571    -0.2508    -0.2405    -0.2296    -0.2187    -0.2095    -0.2013
   -0.0036    -0.1395    -0.1133    -0.0962    -0.0884    -0.1298    -0.2274    -0.2172    -0.1970    -0.2193    -0.2423    -0.2597    -0.2591    -0.2571    -0.2508    -0.2405    -0.2296    -0.2187    -0.2095    -0.2013
   -0.0036    -0.1380    -0.1133    -0.0962    -0.0884    -0.1298    -0.2274    -0.2172    -0.1970    -0.2193    -0.2423    -0.2597    -0.2591    -0.2571    -0.2508    -0.2405    -0.2296    -0.2187    -0.2095    -0.2013
   -0.0029    -0.1366    -0.1133    -0.0962    -0.0884    -0.1298    -0.2274    -0.2172    -0.1970    -0.2193    -0.2423    -0.2597    -0.2591    -0.2571    -0.2508    -0.2405    -0.2296    -0.2187    -0.2095    -0.2013
   -0.0023    -0.1342    -0.1133    -0.0962    -0.0884    -0.1298    -0.2274    -0.2172    -0.1970    -0.2193    -0.2423    -0.2597    -0.2591    -0.2571    -0.2508    -0.2405    -0.2296    -0.2187    -0.2095    -0.2013
   -0.0017    -0.1295    -0.1133    -0.0962    -0.0884    -0.1298    -0.2274    -0.2172    -0.1970    -0.2193    -0.2423    -0.2597    -0.2591    -0.2571    -0.2508    -0.2405    -0.2296    -0.2187    -0.2095    -0.2013
   -0.0017    -0.1205    -0.1133    -0.0962    -0.0884    -0.1298    -0.2274    -0.2172    -0.1970    -0.2193    -0.2423    -0.2597    -0.2591    -0.2571    -0.2508    -0.2405    -0.2296    -0.2187    -0.2095    -0.2013
   -0.0014    -0.1123    -0.1133    -0.0962    -0.0884    -0.1298    -0.2274    -0.2172    -0.1970    -0.2193    -0.2423    -0.2597    -0.2591    -0.2571    -0.2508    -0.2405    -0.2296    -0.2187    -0.2095    -0.2013
   -0.0015    -0.1007    -0.1133    -0.0962    -0.0884    -0.1298    -0.2274    -0.2172    -0.1970    -0.2193    -0.2423    -0.2597    -0.2591    -0.2571    -0.2508    -0.2405    -0.2296    -0.2187    -0.2095    -0.2013
   -0.0013    -0.0913    -0.1133    -0.0962    -0.0884    -0.1298    -0.2274    -0.2172    -0.1970    -0.2193    -0.2423    -0.2597    -0.2591    -0.2571    -0.2508    -0.2405    -0.2296    -0.2187    -0.2095    -0.2013
