   1       0.9635   0.4055   0.2299
   2       0.9737   0.4262   0.2468
   3       0.9846   0.4227   0.2481
   4       0.9166   0.4185   0.2373
   5       0.9346   0.3913   0.2093
   6       0.9548   0.3843   0.2053
   7       0.8839   0.3856   0.2113
   8       0.9048   0.3751   0.2015
   9       0.9284   0.4057   0.2207
  10       0.8606   0.3808   0.2042
  11       0.8814   0.3957   0.2006
  12       0.9049   0.4091   0.2038
  13       0.8463   0.3986   0.2076
  14       0.8640   0.4061   0.2068
  15       0.8838   0.4092   0.2092
  16       0.8439   0.4049   0.2157
  17       0.8537   0.4237   0.2290
  18       0.8642   0.4426   0.2448
  19       0.9635   0.3806   0.2088
  20       0.9737   0.4079   0.2338
  21       0.9846   0.4192   0.2479
  22       0.9166   0.3917   0.2311
  23       0.9346   0.4199   0.2534
  24       0.9548   0.4266   0.2546
  25       0.8839   0.4151   0.2268
  26       0.9048   0.3905   0.2100
  27       0.9284   0.4153   0.2271
  28       0.8606   0.4228   0.2423
  29       0.8814   0.4230   0.2518
  30       0.9049   0.4143   0.2474
  31       0.8463   0.4051   0.2197
  32       0.8640   0.4121   0.2256
  33       0.8838   0.4199   0.2345
  34       0.8439   0.4464   0.2495
  35       0.8537   0.4573   0.2606
  36       0.8642   0.4736   0.2666
  37       0.9635   0.3519   0.1909
  38       0.9737   0.3597   0.2027
  39       0.9846   0.3614   0.2106
  40       0.9166   0.3833   0.2282
  41       0.9346   0.3899   0.2308
  42       0.9548   0.4263   0.2586
  43       0.8839   0.4087   0.2556
  44       0.9048   0.4225   0.2601
  45       0.9284   0.4228   0.2498
  46       0.8606   0.4272   0.2354
  47       0.8814   0.4865   0.2925
  48       0.9049   0.4667   0.2828
  49       0.8463   0.4278   0.2382
  50       0.8640   0.4535   0.2538
  51       0.8838   0.4486   0.2452
  52       0.8439   0.4281   0.2306
  53       0.8537   0.4555   0.2524
  54       0.8642   0.4477   0.2422
  55       0.9635   0.3789   0.2095
  56       0.9737   0.4045   0.2309
  57       0.9846   0.4281   0.2562
  58       0.9166   0.4144   0.2372
  59       0.9346   0.4096   0.2351
  60       0.9548   0.4208   0.2328
  61       0.8839   0.4201   0.2376
  62       0.9048   0.4235   0.2338
  63       0.9284   0.4509   0.2557
  64       0.8606   0.3862   0.2007
  65       0.8814   0.4249   0.2218
  66       0.9049   0.4387   0.2334
  67       0.8463   0.4227   0.2223
  68       0.8640   0.4510   0.2379
  69       0.8838   0.4497   0.2418
  70       0.8439   0.3987   0.2096
  71       0.8537   0.4074   0.2108
  72       0.8642   0.4315   0.2260
