Example trees file.

&plot
x0 = 0
y0 = 0
xmax = 196
ymax = 196
xslope = 0
yslope = 0
bearing = 45
notrees = 1225
/

&aerodyn
zht	=	30
zpd	=	16
z0ht	=	3
/

&xy
xycoords = 0 0
0 5.76
0 11.53
0 17.29
0 23.06
0 28.82
0 34.59
0 40.35
0 46.12
0 51.88
0 57.65
0 63.41
0 69.18
0 74.94
0 80.71
0 86.47
0 92.24
0 98
0 103.76
0 109.53
0 115.29
0 121.06
0 126.82
0 132.59
0 138.35
0 144.12
0 149.88
0 155.65
0 161.41
0 167.18
0 172.94
0 178.71
0 184.47
0 190.24
0 196
5.76 0
5.76 5.76
5.76 11.53
5.76 17.29
5.76 23.06
5.76 28.82
5.76 34.59
5.76 40.35
5.76 46.12
5.76 51.88
5.76 57.65
5.76 63.41
5.76 69.18
5.76 74.94
5.76 80.71
5.76 86.47
5.76 92.24
5.76 98
5.76 103.76
5.76 109.53
5.76 115.29
5.76 121.06
5.76 126.82
5.76 132.59
5.76 138.35
5.76 144.12
5.76 149.88
5.76 155.65
5.76 161.41
5.76 167.18
5.76 172.94
5.76 178.71
5.76 184.47
5.76 190.24
5.76 196
11.53 0
11.53 5.76
11.53 11.53
11.53 17.29
11.53 23.06
11.53 28.82
11.53 34.59
11.53 40.35
11.53 46.12
11.53 51.88
11.53 57.65
11.53 63.41
11.53 69.18
11.53 74.94
11.53 80.71
11.53 86.47
11.53 92.24
11.53 98
11.53 103.76
11.53 109.53
11.53 115.29
11.53 121.06
11.53 126.82
11.53 132.59
11.53 138.35
11.53 144.12
11.53 149.88
11.53 155.65
11.53 161.41
11.53 167.18
11.53 172.94
11.53 178.71
11.53 184.47
11.53 190.24
11.53 196
17.29 0
17.29 5.76
17.29 11.53
17.29 17.29
17.29 23.06
17.29 28.82
17.29 34.59
17.29 40.35
17.29 46.12
17.29 51.88
17.29 57.65
17.29 63.41
17.29 69.18
17.29 74.94
17.29 80.71
17.29 86.47
17.29 92.24
17.29 98
17.29 103.76
17.29 109.53
17.29 115.29
17.29 121.06
17.29 126.82
17.29 132.59
17.29 138.35
17.29 144.12
17.29 149.88
17.29 155.65
17.29 161.41
17.29 167.18
17.29 172.94
17.29 178.71
17.29 184.47
17.29 190.24
17.29 196
23.06 0
23.06 5.76
23.06 11.53
23.06 17.29
23.06 23.06
23.06 28.82
23.06 34.59
23.06 40.35
23.06 46.12
23.06 51.88
23.06 57.65
23.06 63.41
23.06 69.18
23.06 74.94
23.06 80.71
23.06 86.47
23.06 92.24
23.06 98
23.06 103.76
23.06 109.53
23.06 115.29
23.06 121.06
23.06 126.82
23.06 132.59
23.06 138.35
23.06 144.12
23.06 149.88
23.06 155.65
23.06 161.41
23.06 167.18
23.06 172.94
23.06 178.71
23.06 184.47
23.06 190.24
23.06 196
28.82 0
28.82 5.76
28.82 11.53
28.82 17.29
28.82 23.06
28.82 28.82
28.82 34.59
28.82 40.35
28.82 46.12
28.82 51.88
28.82 57.65
28.82 63.41
28.82 69.18
28.82 74.94
28.82 80.71
28.82 86.47
28.82 92.24
28.82 98
28.82 103.76
28.82 109.53
28.82 115.29
28.82 121.06
28.82 126.82
28.82 132.59
28.82 138.35
28.82 144.12
28.82 149.88
28.82 155.65
28.82 161.41
28.82 167.18
28.82 172.94
28.82 178.71
28.82 184.47
28.82 190.24
28.82 196
34.59 0
34.59 5.76
34.59 11.53
34.59 17.29
34.59 23.06
34.59 28.82
34.59 34.59
34.59 40.35
34.59 46.12
34.59 51.88
34.59 57.65
34.59 63.41
34.59 69.18
34.59 74.94
34.59 80.71
34.59 86.47
34.59 92.24
34.59 98
34.59 103.76
34.59 109.53
34.59 115.29
34.59 121.06
34.59 126.82
34.59 132.59
34.59 138.35
34.59 144.12
34.59 149.88
34.59 155.65
34.59 161.41
34.59 167.18
34.59 172.94
34.59 178.71
34.59 184.47
34.59 190.24
34.59 196
40.35 0
40.35 5.76
40.35 11.53
40.35 17.29
40.35 23.06
40.35 28.82
40.35 34.59
40.35 40.35
40.35 46.12
40.35 51.88
40.35 57.65
40.35 63.41
40.35 69.18
40.35 74.94
40.35 80.71
40.35 86.47
40.35 92.24
40.35 98
40.35 103.76
40.35 109.53
40.35 115.29
40.35 121.06
40.35 126.82
40.35 132.59
40.35 138.35
40.35 144.12
40.35 149.88
40.35 155.65
40.35 161.41
40.35 167.18
40.35 172.94
40.35 178.71
40.35 184.47
40.35 190.24
40.35 196
46.12 0
46.12 5.76
46.12 11.53
46.12 17.29
46.12 23.06
46.12 28.82
46.12 34.59
46.12 40.35
46.12 46.12
46.12 51.88
46.12 57.65
46.12 63.41
46.12 69.18
46.12 74.94
46.12 80.71
46.12 86.47
46.12 92.24
46.12 98
46.12 103.76
46.12 109.53
46.12 115.29
46.12 121.06
46.12 126.82
46.12 132.59
46.12 138.35
46.12 144.12
46.12 149.88
46.12 155.65
46.12 161.41
46.12 167.18
46.12 172.94
46.12 178.71
46.12 184.47
46.12 190.24
46.12 196
51.88 0
51.88 5.76
51.88 11.53
51.88 17.29
51.88 23.06
51.88 28.82
51.88 34.59
51.88 40.35
51.88 46.12
51.88 51.88
51.88 57.65
51.88 63.41
51.88 69.18
51.88 74.94
51.88 80.71
51.88 86.47
51.88 92.24
51.88 98
51.88 103.76
51.88 109.53
51.88 115.29
51.88 121.06
51.88 126.82
51.88 132.59
51.88 138.35
51.88 144.12
51.88 149.88
51.88 155.65
51.88 161.41
51.88 167.18
51.88 172.94
51.88 178.71
51.88 184.47
51.88 190.24
51.88 196
57.65 0
57.65 5.76
57.65 11.53
57.65 17.29
57.65 23.06
57.65 28.82
57.65 34.59
57.65 40.35
57.65 46.12
57.65 51.88
57.65 57.65
57.65 63.41
57.65 69.18
57.65 74.94
57.65 80.71
57.65 86.47
57.65 92.24
57.65 98
57.65 103.76
57.65 109.53
57.65 115.29
57.65 121.06
57.65 126.82
57.65 132.59
57.65 138.35
57.65 144.12
57.65 149.88
57.65 155.65
57.65 161.41
57.65 167.18
57.65 172.94
57.65 178.71
57.65 184.47
57.65 190.24
57.65 196
63.41 0
63.41 5.76
63.41 11.53
63.41 17.29
63.41 23.06
63.41 28.82
63.41 34.59
63.41 40.35
63.41 46.12
63.41 51.88
63.41 57.65
63.41 63.41
63.41 69.18
63.41 74.94
63.41 80.71
63.41 86.47
63.41 92.24
63.41 98
63.41 103.76
63.41 109.53
63.41 115.29
63.41 121.06
63.41 126.82
63.41 132.59
63.41 138.35
63.41 144.12
63.41 149.88
63.41 155.65
63.41 161.41
63.41 167.18
63.41 172.94
63.41 178.71
63.41 184.47
63.41 190.24
63.41 196
69.18 0
69.18 5.76
69.18 11.53
69.18 17.29
69.18 23.06
69.18 28.82
69.18 34.59
69.18 40.35
69.18 46.12
69.18 51.88
69.18 57.65
69.18 63.41
69.18 69.18
69.18 74.94
69.18 80.71
69.18 86.47
69.18 92.24
69.18 98
69.18 103.76
69.18 109.53
69.18 115.29
69.18 121.06
69.18 126.82
69.18 132.59
69.18 138.35
69.18 144.12
69.18 149.88
69.18 155.65
69.18 161.41
69.18 167.18
69.18 172.94
69.18 178.71
69.18 184.47
69.18 190.24
69.18 196
74.94 0
74.94 5.76
74.94 11.53
74.94 17.29
74.94 23.06
74.94 28.82
74.94 34.59
74.94 40.35
74.94 46.12
74.94 51.88
74.94 57.65
74.94 63.41
74.94 69.18
74.94 74.94
74.94 80.71
74.94 86.47
74.94 92.24
74.94 98
74.94 103.76
74.94 109.53
74.94 115.29
74.94 121.06
74.94 126.82
74.94 132.59
74.94 138.35
74.94 144.12
74.94 149.88
74.94 155.65
74.94 161.41
74.94 167.18
74.94 172.94
74.94 178.71
74.94 184.47
74.94 190.24
74.94 196
80.71 0
80.71 5.76
80.71 11.53
80.71 17.29
80.71 23.06
80.71 28.82
80.71 34.59
80.71 40.35
80.71 46.12
80.71 51.88
80.71 57.65
80.71 63.41
80.71 69.18
80.71 74.94
80.71 80.71
80.71 86.47
80.71 92.24
80.71 98
80.71 103.76
80.71 109.53
80.71 115.29
80.71 121.06
80.71 126.82
80.71 132.59
80.71 138.35
80.71 144.12
80.71 149.88
80.71 155.65
80.71 161.41
80.71 167.18
80.71 172.94
80.71 178.71
80.71 184.47
80.71 190.24
80.71 196
86.47 0
86.47 5.76
86.47 11.53
86.47 17.29
86.47 23.06
86.47 28.82
86.47 34.59
86.47 40.35
86.47 46.12
86.47 51.88
86.47 57.65
86.47 63.41
86.47 69.18
86.47 74.94
86.47 80.71
86.47 86.47
86.47 92.24
86.47 98
86.47 103.76
86.47 109.53
86.47 115.29
86.47 121.06
86.47 126.82
86.47 132.59
86.47 138.35
86.47 144.12
86.47 149.88
86.47 155.65
86.47 161.41
86.47 167.18
86.47 172.94
86.47 178.71
86.47 184.47
86.47 190.24
86.47 196
92.24 0
92.24 5.76
92.24 11.53
92.24 17.29
92.24 23.06
92.24 28.82
92.24 34.59
92.24 40.35
92.24 46.12
92.24 51.88
92.24 57.65
92.24 63.41
92.24 69.18
92.24 74.94
92.24 80.71
92.24 86.47
92.24 92.24
92.24 98
92.24 103.76
92.24 109.53
92.24 115.29
92.24 121.06
92.24 126.82
92.24 132.59
92.24 138.35
92.24 144.12
92.24 149.88
92.24 155.65
92.24 161.41
92.24 167.18
92.24 172.94
92.24 178.71
92.24 184.47
92.24 190.24
92.24 196
98 0
98 5.76
98 11.53
98 17.29
98 23.06
98 28.82
98 34.59
98 40.35
98 46.12
98 51.88
98 57.65
98 63.41
98 69.18
98 74.94
98 80.71
98 86.47
98 92.24
98 98
98 103.76
98 109.53
98 115.29
98 121.06
98 126.82
98 132.59
98 138.35
98 144.12
98 149.88
98 155.65
98 161.41
98 167.18
98 172.94
98 178.71
98 184.47
98 190.24
98 196
103.76 0
103.76 5.76
103.76 11.53
103.76 17.29
103.76 23.06
103.76 28.82
103.76 34.59
103.76 40.35
103.76 46.12
103.76 51.88
103.76 57.65
103.76 63.41
103.76 69.18
103.76 74.94
103.76 80.71
103.76 86.47
103.76 92.24
103.76 98
103.76 103.76
103.76 109.53
103.76 115.29
103.76 121.06
103.76 126.82
103.76 132.59
103.76 138.35
103.76 144.12
103.76 149.88
103.76 155.65
103.76 161.41
103.76 167.18
103.76 172.94
103.76 178.71
103.76 184.47
103.76 190.24
103.76 196
109.53 0
109.53 5.76
109.53 11.53
109.53 17.29
109.53 23.06
109.53 28.82
109.53 34.59
109.53 40.35
109.53 46.12
109.53 51.88
109.53 57.65
109.53 63.41
109.53 69.18
109.53 74.94
109.53 80.71
109.53 86.47
109.53 92.24
109.53 98
109.53 103.76
109.53 109.53
109.53 115.29
109.53 121.06
109.53 126.82
109.53 132.59
109.53 138.35
109.53 144.12
109.53 149.88
109.53 155.65
109.53 161.41
109.53 167.18
109.53 172.94
109.53 178.71
109.53 184.47
109.53 190.24
109.53 196
115.29 0
115.29 5.76
115.29 11.53
115.29 17.29
115.29 23.06
115.29 28.82
115.29 34.59
115.29 40.35
115.29 46.12
115.29 51.88
115.29 57.65
115.29 63.41
115.29 69.18
115.29 74.94
115.29 80.71
115.29 86.47
115.29 92.24
115.29 98
115.29 103.76
115.29 109.53
115.29 115.29
115.29 121.06
115.29 126.82
115.29 132.59
115.29 138.35
115.29 144.12
115.29 149.88
115.29 155.65
115.29 161.41
115.29 167.18
115.29 172.94
115.29 178.71
115.29 184.47
115.29 190.24
115.29 196
121.06 0
121.06 5.76
121.06 11.53
121.06 17.29
121.06 23.06
121.06 28.82
121.06 34.59
121.06 40.35
121.06 46.12
121.06 51.88
121.06 57.65
121.06 63.41
121.06 69.18
121.06 74.94
121.06 80.71
121.06 86.47
121.06 92.24
121.06 98
121.06 103.76
121.06 109.53
121.06 115.29
121.06 121.06
121.06 126.82
121.06 132.59
121.06 138.35
121.06 144.12
121.06 149.88
121.06 155.65
121.06 161.41
121.06 167.18
121.06 172.94
121.06 178.71
121.06 184.47
121.06 190.24
121.06 196
126.82 0
126.82 5.76
126.82 11.53
126.82 17.29
126.82 23.06
126.82 28.82
126.82 34.59
126.82 40.35
126.82 46.12
126.82 51.88
126.82 57.65
126.82 63.41
126.82 69.18
126.82 74.94
126.82 80.71
126.82 86.47
126.82 92.24
126.82 98
126.82 103.76
126.82 109.53
126.82 115.29
126.82 121.06
126.82 126.82
126.82 132.59
126.82 138.35
126.82 144.12
126.82 149.88
126.82 155.65
126.82 161.41
126.82 167.18
126.82 172.94
126.82 178.71
126.82 184.47
126.82 190.24
126.82 196
132.59 0
132.59 5.76
132.59 11.53
132.59 17.29
132.59 23.06
132.59 28.82
132.59 34.59
132.59 40.35
132.59 46.12
132.59 51.88
132.59 57.65
132.59 63.41
132.59 69.18
132.59 74.94
132.59 80.71
132.59 86.47
132.59 92.24
132.59 98
132.59 103.76
132.59 109.53
132.59 115.29
132.59 121.06
132.59 126.82
132.59 132.59
132.59 138.35
132.59 144.12
132.59 149.88
132.59 155.65
132.59 161.41
132.59 167.18
132.59 172.94
132.59 178.71
132.59 184.47
132.59 190.24
132.59 196
138.35 0
138.35 5.76
138.35 11.53
138.35 17.29
138.35 23.06
138.35 28.82
138.35 34.59
138.35 40.35
138.35 46.12
138.35 51.88
138.35 57.65
138.35 63.41
138.35 69.18
138.35 74.94
138.35 80.71
138.35 86.47
138.35 92.24
138.35 98
138.35 103.76
138.35 109.53
138.35 115.29
138.35 121.06
138.35 126.82
138.35 132.59
138.35 138.35
138.35 144.12
138.35 149.88
138.35 155.65
138.35 161.41
138.35 167.18
138.35 172.94
138.35 178.71
138.35 184.47
138.35 190.24
138.35 196
144.12 0
144.12 5.76
144.12 11.53
144.12 17.29
144.12 23.06
144.12 28.82
144.12 34.59
144.12 40.35
144.12 46.12
144.12 51.88
144.12 57.65
144.12 63.41
144.12 69.18
144.12 74.94
144.12 80.71
144.12 86.47
144.12 92.24
144.12 98
144.12 103.76
144.12 109.53
144.12 115.29
144.12 121.06
144.12 126.82
144.12 132.59
144.12 138.35
144.12 144.12
144.12 149.88
144.12 155.65
144.12 161.41
144.12 167.18
144.12 172.94
144.12 178.71
144.12 184.47
144.12 190.24
144.12 196
149.88 0
149.88 5.76
149.88 11.53
149.88 17.29
149.88 23.06
149.88 28.82
149.88 34.59
149.88 40.35
149.88 46.12
149.88 51.88
149.88 57.65
149.88 63.41
149.88 69.18
149.88 74.94
149.88 80.71
149.88 86.47
149.88 92.24
149.88 98
149.88 103.76
149.88 109.53
149.88 115.29
149.88 121.06
149.88 126.82
149.88 132.59
149.88 138.35
149.88 144.12
149.88 149.88
149.88 155.65
149.88 161.41
149.88 167.18
149.88 172.94
149.88 178.71
149.88 184.47
149.88 190.24
149.88 196
155.65 0
155.65 5.76
155.65 11.53
155.65 17.29
155.65 23.06
155.65 28.82
155.65 34.59
155.65 40.35
155.65 46.12
155.65 51.88
155.65 57.65
155.65 63.41
155.65 69.18
155.65 74.94
155.65 80.71
155.65 86.47
155.65 92.24
155.65 98
155.65 103.76
155.65 109.53
155.65 115.29
155.65 121.06
155.65 126.82
155.65 132.59
155.65 138.35
155.65 144.12
155.65 149.88
155.65 155.65
155.65 161.41
155.65 167.18
155.65 172.94
155.65 178.71
155.65 184.47
155.65 190.24
155.65 196
161.41 0
161.41 5.76
161.41 11.53
161.41 17.29
161.41 23.06
161.41 28.82
161.41 34.59
161.41 40.35
161.41 46.12
161.41 51.88
161.41 57.65
161.41 63.41
161.41 69.18
161.41 74.94
161.41 80.71
161.41 86.47
161.41 92.24
161.41 98
161.41 103.76
161.41 109.53
161.41 115.29
161.41 121.06
161.41 126.82
161.41 132.59
161.41 138.35
161.41 144.12
161.41 149.88
161.41 155.65
161.41 161.41
161.41 167.18
161.41 172.94
161.41 178.71
161.41 184.47
161.41 190.24
161.41 196
167.18 0
167.18 5.76
167.18 11.53
167.18 17.29
167.18 23.06
167.18 28.82
167.18 34.59
167.18 40.35
167.18 46.12
167.18 51.88
167.18 57.65
167.18 63.41
167.18 69.18
167.18 74.94
167.18 80.71
167.18 86.47
167.18 92.24
167.18 98
167.18 103.76
167.18 109.53
167.18 115.29
167.18 121.06
167.18 126.82
167.18 132.59
167.18 138.35
167.18 144.12
167.18 149.88
167.18 155.65
167.18 161.41
167.18 167.18
167.18 172.94
167.18 178.71
167.18 184.47
167.18 190.24
167.18 196
172.94 0
172.94 5.76
172.94 11.53
172.94 17.29
172.94 23.06
172.94 28.82
172.94 34.59
172.94 40.35
172.94 46.12
172.94 51.88
172.94 57.65
172.94 63.41
172.94 69.18
172.94 74.94
172.94 80.71
172.94 86.47
172.94 92.24
172.94 98
172.94 103.76
172.94 109.53
172.94 115.29
172.94 121.06
172.94 126.82
172.94 132.59
172.94 138.35
172.94 144.12
172.94 149.88
172.94 155.65
172.94 161.41
172.94 167.18
172.94 172.94
172.94 178.71
172.94 184.47
172.94 190.24
172.94 196
178.71 0
178.71 5.76
178.71 11.53
178.71 17.29
178.71 23.06
178.71 28.82
178.71 34.59
178.71 40.35
178.71 46.12
178.71 51.88
178.71 57.65
178.71 63.41
178.71 69.18
178.71 74.94
178.71 80.71
178.71 86.47
178.71 92.24
178.71 98
178.71 103.76
178.71 109.53
178.71 115.29
178.71 121.06
178.71 126.82
178.71 132.59
178.71 138.35
178.71 144.12
178.71 149.88
178.71 155.65
178.71 161.41
178.71 167.18
178.71 172.94
178.71 178.71
178.71 184.47
178.71 190.24
178.71 196
184.47 0
184.47 5.76
184.47 11.53
184.47 17.29
184.47 23.06
184.47 28.82
184.47 34.59
184.47 40.35
184.47 46.12
184.47 51.88
184.47 57.65
184.47 63.41
184.47 69.18
184.47 74.94
184.47 80.71
184.47 86.47
184.47 92.24
184.47 98
184.47 103.76
184.47 109.53
184.47 115.29
184.47 121.06
184.47 126.82
184.47 132.59
184.47 138.35
184.47 144.12
184.47 149.88
184.47 155.65
184.47 161.41
184.47 167.18
184.47 172.94
184.47 178.71
184.47 184.47
184.47 190.24
184.47 196
190.24 0
190.24 5.76
190.24 11.53
190.24 17.29
190.24 23.06
190.24 28.82
190.24 34.59
190.24 40.35
190.24 46.12
190.24 51.88
190.24 57.65
190.24 63.41
190.24 69.18
190.24 74.94
190.24 80.71
190.24 86.47
190.24 92.24
190.24 98
190.24 103.76
190.24 109.53
190.24 115.29
190.24 121.06
190.24 126.82
190.24 132.59
190.24 138.35
190.24 144.12
190.24 149.88
190.24 155.65
190.24 161.41
190.24 167.18
190.24 172.94
190.24 178.71
190.24 184.47
190.24 190.24
190.24 196
196 0
196 5.76
196 11.53
196 17.29
196 23.06
196 28.82
196 34.59
196 40.35
196 46.12
196 51.88
196 57.65
196 63.41
196 69.18
196 74.94
196 80.71
196 86.47
196 92.24
196 98
196 103.76
196 109.53
196 115.29
196 121.06
196 126.82
196 132.59
196 138.35
196 144.12
196 149.88
196 155.65
196 161.41
196 167.18
196 172.94
196 178.71
196 184.47
196 190.24
196 196

/

crown	radius	in	the	x-direction.
&indivradx
nodates = 1
values = 13
13
13
13
13
13
13
13
13
13
13
13
13
13
13
13
13
13
13
13
13
13
13
13
13
13
13
13
13
13
13
13
13
13
13
13
13
13
13
13
13
13
13
13
13
13
13
13
13
13
13
13
13
13
13
13
13
13
13
13
13
13
13
13
13
13
13
13
13
13
13
13
2.5439045
2.5439045
2.5439045
2.5439045
2.5439045
2.5439045
2.5439045
2.5439045
2.5439045
2.5439045
2.5439045
2.5439045
2.5439045
2.5439045
2.5439045
2.5439045
2.5439045
2.5439045
2.5439045
2.5439045
2.5439045
2.5439045
2.5439045
2.5439045
2.5439045
2.5439045
2.5439045
2.5439045
2.5439045
2.5439045
2.5439045
13
13
13
13
2.5439045
2.5439045
2.5439045
2.5439045
2.5439045
2.5439045
2.5439045
2.5439045
2.5439045
2.5439045
2.5439045
2.5439045
2.5439045
2.5439045
2.5439045
2.5439045
2.5439045
2.5439045
2.5439045
2.5439045
2.5439045
2.5439045
2.5439045
2.5439045
2.5439045
2.5439045
2.5439045
2.5439045
2.5439045
2.5439045
2.5439045
13
13
13
13
2.5439045
2.5439045
2.5439045
2.5439045
2.5439045
2.5439045
2.5439045
2.5439045
2.5439045
2.5439045
2.5439045
2.5439045
2.5439045
2.5439045
2.5439045
2.5439045
2.5439045
2.5439045
2.5439045
2.5439045
2.5439045
2.5439045
2.5439045
2.5439045
2.5439045
2.5439045
2.5439045
2.5439045
2.5439045
2.5439045
2.5439045
13
13
13
13
2.5439045
2.5439045
2.5439045
2.5439045
2.5439045
2.5439045
2.5439045
2.5439045
2.5439045
2.5439045
2.5439045
2.5439045
2.5439045
2.5439045
2.5439045
2.5439045
2.5439045
2.5439045
2.5439045
2.5439045
2.5439045
2.5439045
2.5439045
2.5439045
2.5439045
2.5439045
2.5439045
2.5439045
2.5439045
2.5439045
2.5439045
13
13
13
13
2.5439045
2.5439045
2.5439045
2.5439045
2.5439045
2.5439045
2.5439045
2.5439045
2.5439045
2.5439045
2.5439045
2.5439045
2.5439045
2.5439045
2.5439045
2.5439045
2.5439045
2.5439045
2.5439045
2.5439045
2.5439045
2.5439045
2.5439045
2.5439045
2.5439045
2.5439045
2.5439045
2.5439045
2.5439045
2.5439045
2.5439045
13
13
13
13
2.5439045
2.5439045
2.5439045
2.5439045
2.5439045
2.5439045
2.5439045
2.5439045
2.5439045
2.5439045
2.5439045
2.5439045
2.5439045
2.5439045
2.5439045
2.5439045
2.5439045
2.5439045
2.5439045
2.5439045
2.5439045
2.5439045
2.5439045
2.5439045
2.5439045
2.5439045
2.5439045
2.5439045
2.5439045
2.5439045
2.5439045
13
13
13
13
2.5439045
2.5439045
2.5439045
2.5439045
2.5439045
2.5439045
2.5439045
2.5439045
2.5439045
2.5439045
2.5439045
2.5439045
2.5439045
2.5439045
2.5439045
2.5439045
2.5439045
2.5439045
2.5439045
2.5439045
2.5439045
2.5439045
2.5439045
2.5439045
2.5439045
2.5439045
2.5439045
2.5439045
2.5439045
2.5439045
2.5439045
13
13
13
13
2.5439045
2.5439045
2.5439045
2.5439045
2.5439045
2.5439045
2.5439045
2.5439045
2.5439045
2.5439045
2.5439045
2.5439045
2.5439045
2.5439045
2.5439045
2.5439045
2.5439045
2.5439045
2.5439045
2.5439045
2.5439045
2.5439045
2.5439045
2.5439045
2.5439045
2.5439045
2.5439045
2.5439045
2.5439045
2.5439045
2.5439045
13
13
13
13
2.5439045
2.5439045
2.5439045
2.5439045
2.5439045
2.5439045
2.5439045
2.5439045
2.5439045
2.5439045
2.5439045
2.5439045
2.5439045
2.5439045
2.5439045
2.5439045
2.5439045
2.5439045
2.5439045
2.5439045
2.5439045
2.5439045
2.5439045
2.5439045
2.5439045
2.5439045
2.5439045
2.5439045
2.5439045
2.5439045
2.5439045
13
13
13
13
2.5439045
2.5439045
2.5439045
2.5439045
2.5439045
2.5439045
2.5439045
2.5439045
2.5439045
2.5439045
2.5439045
2.5439045
2.5439045
2.5439045
2.5439045
2.5439045
2.5439045
2.5439045
2.5439045
2.5439045
2.5439045
2.5439045
2.5439045
2.5439045
2.5439045
2.5439045
2.5439045
2.5439045
2.5439045
2.5439045
2.5439045
13
13
13
13
2.5439045
2.5439045
2.5439045
2.5439045
2.5439045
2.5439045
2.5439045
2.5439045
2.5439045
2.5439045
2.5439045
2.5439045
2.5439045
2.5439045
2.5439045
2.5439045
2.5439045
2.5439045
2.5439045
2.5439045
2.5439045
2.5439045
2.5439045
2.5439045
2.5439045
2.5439045
2.5439045
2.5439045
2.5439045
2.5439045
2.5439045
13
13
13
13
2.5439045
2.5439045
2.5439045
2.5439045
2.5439045
2.5439045
2.5439045
2.5439045
2.5439045
2.5439045
2.5439045
2.5439045
2.5439045
2.5439045
2.5439045
2.5439045
2.5439045
2.5439045
2.5439045
2.5439045
2.5439045
2.5439045
2.5439045
2.5439045
2.5439045
2.5439045
2.5439045
2.5439045
2.5439045
2.5439045
2.5439045
13
13
13
13
2.5439045
2.5439045
2.5439045
2.5439045
2.5439045
2.5439045
2.5439045
2.5439045
2.5439045
2.5439045
2.5439045
2.5439045
2.5439045
2.5439045
2.5439045
2.5439045
2.5439045
2.5439045
2.5439045
2.5439045
2.5439045
2.5439045
2.5439045
2.5439045
2.5439045
2.5439045
2.5439045
2.5439045
2.5439045
2.5439045
2.5439045
13
13
13
13
2.5439045
2.5439045
2.5439045
2.5439045
2.5439045
2.5439045
2.5439045
2.5439045
2.5439045
2.5439045
2.5439045
2.5439045
2.5439045
2.5439045
2.5439045
2.5439045
2.5439045
2.5439045
2.5439045
2.5439045
2.5439045
2.5439045
2.5439045
2.5439045
2.5439045
2.5439045
2.5439045
2.5439045
2.5439045
2.5439045
2.5439045
13
13
13
13
2.5439045
2.5439045
2.5439045
2.5439045
2.5439045
2.5439045
2.5439045
2.5439045
2.5439045
2.5439045
2.5439045
2.5439045
2.5439045
2.5439045
2.5439045
2.5439045
2.5439045
2.5439045
2.5439045
2.5439045
2.5439045
2.5439045
2.5439045
2.5439045
2.5439045
2.5439045
2.5439045
2.5439045
2.5439045
2.5439045
2.5439045
13
13
13
13
2.5439045
2.5439045
2.5439045
2.5439045
2.5439045
2.5439045
2.5439045
2.5439045
2.5439045
2.5439045
2.5439045
2.5439045
2.5439045
2.5439045
2.5439045
2.5439045
2.5439045
2.5439045
2.5439045
2.5439045
2.5439045
2.5439045
2.5439045
2.5439045
2.5439045
2.5439045
2.5439045
2.5439045
2.5439045
2.5439045
2.5439045
13
13
13
13
2.5439045
2.5439045
2.5439045
2.5439045
2.5439045
2.5439045
2.5439045
2.5439045
2.5439045
2.5439045
2.5439045
2.5439045
2.5439045
2.5439045
2.5439045
2.5439045
2.5439045
2.5439045
2.5439045
2.5439045
2.5439045
2.5439045
2.5439045
2.5439045
2.5439045
2.5439045
2.5439045
2.5439045
2.5439045
2.5439045
2.5439045
13
13
13
13
2.5439045
2.5439045
2.5439045
2.5439045
2.5439045
2.5439045
2.5439045
2.5439045
2.5439045
2.5439045
2.5439045
2.5439045
2.5439045
2.5439045
2.5439045
2.5439045
2.5439045
2.5439045
2.5439045
2.5439045
2.5439045
2.5439045
2.5439045
2.5439045
2.5439045
2.5439045
2.5439045
2.5439045
2.5439045
2.5439045
2.5439045
13
13
13
13
2.5439045
2.5439045
2.5439045
2.5439045
2.5439045
2.5439045
2.5439045
2.5439045
2.5439045
2.5439045
2.5439045
2.5439045
2.5439045
2.5439045
2.5439045
2.5439045
2.5439045
2.5439045
2.5439045
2.5439045
2.5439045
2.5439045
2.5439045
2.5439045
2.5439045
2.5439045
2.5439045
2.5439045
2.5439045
2.5439045
2.5439045
13
13
13
13
2.5439045
2.5439045
2.5439045
2.5439045
2.5439045
2.5439045
2.5439045
2.5439045
2.5439045
2.5439045
2.5439045
2.5439045
2.5439045
2.5439045
2.5439045
2.5439045
2.5439045
2.5439045
2.5439045
2.5439045
2.5439045
2.5439045
2.5439045
2.5439045
2.5439045
2.5439045
2.5439045
2.5439045
2.5439045
2.5439045
2.5439045
13
13
13
13
2.5439045
2.5439045
2.5439045
2.5439045
2.5439045
2.5439045
2.5439045
2.5439045
2.5439045
2.5439045
2.5439045
2.5439045
2.5439045
2.5439045
2.5439045
2.5439045
2.5439045
2.5439045
2.5439045
2.5439045
2.5439045
2.5439045
2.5439045
2.5439045
2.5439045
2.5439045
2.5439045
2.5439045
2.5439045
2.5439045
2.5439045
13
13
13
13
2.5439045
2.5439045
2.5439045
2.5439045
2.5439045
2.5439045
2.5439045
2.5439045
2.5439045
2.5439045
2.5439045
2.5439045
2.5439045
2.5439045
2.5439045
2.5439045
2.5439045
2.5439045
2.5439045
2.5439045
2.5439045
2.5439045
2.5439045
2.5439045
2.5439045
2.5439045
2.5439045
2.5439045
2.5439045
2.5439045
2.5439045
13
13
13
13
2.5439045
2.5439045
2.5439045
2.5439045
2.5439045
2.5439045
2.5439045
2.5439045
2.5439045
2.5439045
2.5439045
2.5439045
2.5439045
2.5439045
2.5439045
2.5439045
2.5439045
2.5439045
2.5439045
2.5439045
2.5439045
2.5439045
2.5439045
2.5439045
2.5439045
2.5439045
2.5439045
2.5439045
2.5439045
2.5439045
2.5439045
13
13
13
13
2.5439045
2.5439045
2.5439045
2.5439045
2.5439045
2.5439045
2.5439045
2.5439045
2.5439045
2.5439045
2.5439045
2.5439045
2.5439045
2.5439045
2.5439045
2.5439045
2.5439045
2.5439045
2.5439045
2.5439045
2.5439045
2.5439045
2.5439045
2.5439045
2.5439045
2.5439045
2.5439045
2.5439045
2.5439045
2.5439045
2.5439045
13
13
13
13
2.5439045
2.5439045
2.5439045
2.5439045
2.5439045
2.5439045
2.5439045
2.5439045
2.5439045
2.5439045
2.5439045
2.5439045
2.5439045
2.5439045
2.5439045
2.5439045
2.5439045
2.5439045
2.5439045
2.5439045
2.5439045
2.5439045
2.5439045
2.5439045
2.5439045
2.5439045
2.5439045
2.5439045
2.5439045
2.5439045
2.5439045
13
13
13
13
2.5439045
2.5439045
2.5439045
2.5439045
2.5439045
2.5439045
2.5439045
2.5439045
2.5439045
2.5439045
2.5439045
2.5439045
2.5439045
2.5439045
2.5439045
2.5439045
2.5439045
2.5439045
2.5439045
2.5439045
2.5439045
2.5439045
2.5439045
2.5439045
2.5439045
2.5439045
2.5439045
2.5439045
2.5439045
2.5439045
2.5439045
13
13
13
13
2.5439045
2.5439045
2.5439045
2.5439045
2.5439045
2.5439045
2.5439045
2.5439045
2.5439045
2.5439045
2.5439045
2.5439045
2.5439045
2.5439045
2.5439045
2.5439045
2.5439045
2.5439045
2.5439045
2.5439045
2.5439045
2.5439045
2.5439045
2.5439045
2.5439045
2.5439045
2.5439045
2.5439045
2.5439045
2.5439045
2.5439045
13
13
13
13
2.5439045
2.5439045
2.5439045
2.5439045
2.5439045
2.5439045
2.5439045
2.5439045
2.5439045
2.5439045
2.5439045
2.5439045
2.5439045
2.5439045
2.5439045
2.5439045
2.5439045
2.5439045
2.5439045
2.5439045
2.5439045
2.5439045
2.5439045
2.5439045
2.5439045
2.5439045
2.5439045
2.5439045
2.5439045
2.5439045
2.5439045
13
13
13
13
2.5439045
2.5439045
2.5439045
2.5439045
2.5439045
2.5439045
2.5439045
2.5439045
2.5439045
2.5439045
2.5439045
2.5439045
2.5439045
2.5439045
2.5439045
2.5439045
2.5439045
2.5439045
2.5439045
2.5439045
2.5439045
2.5439045
2.5439045
2.5439045
2.5439045
2.5439045
2.5439045
2.5439045
2.5439045
2.5439045
2.5439045
13
13
13
13
2.5439045
2.5439045
2.5439045
2.5439045
2.5439045
2.5439045
2.5439045
2.5439045
2.5439045
2.5439045
2.5439045
2.5439045
2.5439045
2.5439045
2.5439045
2.5439045
2.5439045
2.5439045
2.5439045
2.5439045
2.5439045
2.5439045
2.5439045
2.5439045
2.5439045
2.5439045
2.5439045
2.5439045
2.5439045
2.5439045
2.5439045
13
13
13
13
2.5439045
2.5439045
2.5439045
2.5439045
2.5439045
2.5439045
2.5439045
2.5439045
2.5439045
2.5439045
2.5439045
2.5439045
2.5439045
2.5439045
2.5439045
2.5439045
2.5439045
2.5439045
2.5439045
2.5439045
2.5439045
2.5439045
2.5439045
2.5439045
2.5439045
2.5439045
2.5439045
2.5439045
2.5439045
2.5439045
2.5439045
13
13
13
13
13
13
13
13
13
13
13
13
13
13
13
13
13
13
13
13
13
13
13
13
13
13
13
13
13
13
13
13
13
13
13
13
13
13
13
13
13
13
13
13
13
13
13
13
13
13
13
13
13
13
13
13
13
13
13
13
13
13
13
13
13
13
13
13
13
13
13
13

/

crown	radius	in	the	y-direction.
&indivrady
nodates = 1
values = 13
13
13
13
13
13
13
13
13
13
13
13
13
13
13
13
13
13
13
13
13
13
13
13
13
13
13
13
13
13
13
13
13
13
13
13
13
13
13
13
13
13
13
13
13
13
13
13
13
13
13
13
13
13
13
13
13
13
13
13
13
13
13
13
13
13
13
13
13
13
13
13
2.5439045
2.5439045
2.5439045
2.5439045
2.5439045
2.5439045
2.5439045
2.5439045
2.5439045
2.5439045
2.5439045
2.5439045
2.5439045
2.5439045
2.5439045
2.5439045
2.5439045
2.5439045
2.5439045
2.5439045
2.5439045
2.5439045
2.5439045
2.5439045
2.5439045
2.5439045
2.5439045
2.5439045
2.5439045
2.5439045
2.5439045
13
13
13
13
2.5439045
2.5439045
2.5439045
2.5439045
2.5439045
2.5439045
2.5439045
2.5439045
2.5439045
2.5439045
2.5439045
2.5439045
2.5439045
2.5439045
2.5439045
2.5439045
2.5439045
2.5439045
2.5439045
2.5439045
2.5439045
2.5439045
2.5439045
2.5439045
2.5439045
2.5439045
2.5439045
2.5439045
2.5439045
2.5439045
2.5439045
13
13
13
13
2.5439045
2.5439045
2.5439045
2.5439045
2.5439045
2.5439045
2.5439045
2.5439045
2.5439045
2.5439045
2.5439045
2.5439045
2.5439045
2.5439045
2.5439045
2.5439045
2.5439045
2.5439045
2.5439045
2.5439045
2.5439045
2.5439045
2.5439045
2.5439045
2.5439045
2.5439045
2.5439045
2.5439045
2.5439045
2.5439045
2.5439045
13
13
13
13
2.5439045
2.5439045
2.5439045
2.5439045
2.5439045
2.5439045
2.5439045
2.5439045
2.5439045
2.5439045
2.5439045
2.5439045
2.5439045
2.5439045
2.5439045
2.5439045
2.5439045
2.5439045
2.5439045
2.5439045
2.5439045
2.5439045
2.5439045
2.5439045
2.5439045
2.5439045
2.5439045
2.5439045
2.5439045
2.5439045
2.5439045
13
13
13
13
2.5439045
2.5439045
2.5439045
2.5439045
2.5439045
2.5439045
2.5439045
2.5439045
2.5439045
2.5439045
2.5439045
2.5439045
2.5439045
2.5439045
2.5439045
2.5439045
2.5439045
2.5439045
2.5439045
2.5439045
2.5439045
2.5439045
2.5439045
2.5439045
2.5439045
2.5439045
2.5439045
2.5439045
2.5439045
2.5439045
2.5439045
13
13
13
13
2.5439045
2.5439045
2.5439045
2.5439045
2.5439045
2.5439045
2.5439045
2.5439045
2.5439045
2.5439045
2.5439045
2.5439045
2.5439045
2.5439045
2.5439045
2.5439045
2.5439045
2.5439045
2.5439045
2.5439045
2.5439045
2.5439045
2.5439045
2.5439045
2.5439045
2.5439045
2.5439045
2.5439045
2.5439045
2.5439045
2.5439045
13
13
13
13
2.5439045
2.5439045
2.5439045
2.5439045
2.5439045
2.5439045
2.5439045
2.5439045
2.5439045
2.5439045
2.5439045
2.5439045
2.5439045
2.5439045
2.5439045
2.5439045
2.5439045
2.5439045
2.5439045
2.5439045
2.5439045
2.5439045
2.5439045
2.5439045
2.5439045
2.5439045
2.5439045
2.5439045
2.5439045
2.5439045
2.5439045
13
13
13
13
2.5439045
2.5439045
2.5439045
2.5439045
2.5439045
2.5439045
2.5439045
2.5439045
2.5439045
2.5439045
2.5439045
2.5439045
2.5439045
2.5439045
2.5439045
2.5439045
2.5439045
2.5439045
2.5439045
2.5439045
2.5439045
2.5439045
2.5439045
2.5439045
2.5439045
2.5439045
2.5439045
2.5439045
2.5439045
2.5439045
2.5439045
13
13
13
13
2.5439045
2.5439045
2.5439045
2.5439045
2.5439045
2.5439045
2.5439045
2.5439045
2.5439045
2.5439045
2.5439045
2.5439045
2.5439045
2.5439045
2.5439045
2.5439045
2.5439045
2.5439045
2.5439045
2.5439045
2.5439045
2.5439045
2.5439045
2.5439045
2.5439045
2.5439045
2.5439045
2.5439045
2.5439045
2.5439045
2.5439045
13
13
13
13
2.5439045
2.5439045
2.5439045
2.5439045
2.5439045
2.5439045
2.5439045
2.5439045
2.5439045
2.5439045
2.5439045
2.5439045
2.5439045
2.5439045
2.5439045
2.5439045
2.5439045
2.5439045
2.5439045
2.5439045
2.5439045
2.5439045
2.5439045
2.5439045
2.5439045
2.5439045
2.5439045
2.5439045
2.5439045
2.5439045
2.5439045
13
13
13
13
2.5439045
2.5439045
2.5439045
2.5439045
2.5439045
2.5439045
2.5439045
2.5439045
2.5439045
2.5439045
2.5439045
2.5439045
2.5439045
2.5439045
2.5439045
2.5439045
2.5439045
2.5439045
2.5439045
2.5439045
2.5439045
2.5439045
2.5439045
2.5439045
2.5439045
2.5439045
2.5439045
2.5439045
2.5439045
2.5439045
2.5439045
13
13
13
13
2.5439045
2.5439045
2.5439045
2.5439045
2.5439045
2.5439045
2.5439045
2.5439045
2.5439045
2.5439045
2.5439045
2.5439045
2.5439045
2.5439045
2.5439045
2.5439045
2.5439045
2.5439045
2.5439045
2.5439045
2.5439045
2.5439045
2.5439045
2.5439045
2.5439045
2.5439045
2.5439045
2.5439045
2.5439045
2.5439045
2.5439045
13
13
13
13
2.5439045
2.5439045
2.5439045
2.5439045
2.5439045
2.5439045
2.5439045
2.5439045
2.5439045
2.5439045
2.5439045
2.5439045
2.5439045
2.5439045
2.5439045
2.5439045
2.5439045
2.5439045
2.5439045
2.5439045
2.5439045
2.5439045
2.5439045
2.5439045
2.5439045
2.5439045
2.5439045
2.5439045
2.5439045
2.5439045
2.5439045
13
13
13
13
2.5439045
2.5439045
2.5439045
2.5439045
2.5439045
2.5439045
2.5439045
2.5439045
2.5439045
2.5439045
2.5439045
2.5439045
2.5439045
2.5439045
2.5439045
2.5439045
2.5439045
2.5439045
2.5439045
2.5439045
2.5439045
2.5439045
2.5439045
2.5439045
2.5439045
2.5439045
2.5439045
2.5439045
2.5439045
2.5439045
2.5439045
13
13
13
13
2.5439045
2.5439045
2.5439045
2.5439045
2.5439045
2.5439045
2.5439045
2.5439045
2.5439045
2.5439045
2.5439045
2.5439045
2.5439045
2.5439045
2.5439045
2.5439045
2.5439045
2.5439045
2.5439045
2.5439045
2.5439045
2.5439045
2.5439045
2.5439045
2.5439045
2.5439045
2.5439045
2.5439045
2.5439045
2.5439045
2.5439045
13
13
13
13
2.5439045
2.5439045
2.5439045
2.5439045
2.5439045
2.5439045
2.5439045
2.5439045
2.5439045
2.5439045
2.5439045
2.5439045
2.5439045
2.5439045
2.5439045
2.5439045
2.5439045
2.5439045
2.5439045
2.5439045
2.5439045
2.5439045
2.5439045
2.5439045
2.5439045
2.5439045
2.5439045
2.5439045
2.5439045
2.5439045
2.5439045
13
13
13
13
2.5439045
2.5439045
2.5439045
2.5439045
2.5439045
2.5439045
2.5439045
2.5439045
2.5439045
2.5439045
2.5439045
2.5439045
2.5439045
2.5439045
2.5439045
2.5439045
2.5439045
2.5439045
2.5439045
2.5439045
2.5439045
2.5439045
2.5439045
2.5439045
2.5439045
2.5439045
2.5439045
2.5439045
2.5439045
2.5439045
2.5439045
13
13
13
13
2.5439045
2.5439045
2.5439045
2.5439045
2.5439045
2.5439045
2.5439045
2.5439045
2.5439045
2.5439045
2.5439045
2.5439045
2.5439045
2.5439045
2.5439045
2.5439045
2.5439045
2.5439045
2.5439045
2.5439045
2.5439045
2.5439045
2.5439045
2.5439045
2.5439045
2.5439045
2.5439045
2.5439045
2.5439045
2.5439045
2.5439045
13
13
13
13
2.5439045
2.5439045
2.5439045
2.5439045
2.5439045
2.5439045
2.5439045
2.5439045
2.5439045
2.5439045
2.5439045
2.5439045
2.5439045
2.5439045
2.5439045
2.5439045
2.5439045
2.5439045
2.5439045
2.5439045
2.5439045
2.5439045
2.5439045
2.5439045
2.5439045
2.5439045
2.5439045
2.5439045
2.5439045
2.5439045
2.5439045
13
13
13
13
2.5439045
2.5439045
2.5439045
2.5439045
2.5439045
2.5439045
2.5439045
2.5439045
2.5439045
2.5439045
2.5439045
2.5439045
2.5439045
2.5439045
2.5439045
2.5439045
2.5439045
2.5439045
2.5439045
2.5439045
2.5439045
2.5439045
2.5439045
2.5439045
2.5439045
2.5439045
2.5439045
2.5439045
2.5439045
2.5439045
2.5439045
13
13
13
13
2.5439045
2.5439045
2.5439045
2.5439045
2.5439045
2.5439045
2.5439045
2.5439045
2.5439045
2.5439045
2.5439045
2.5439045
2.5439045
2.5439045
2.5439045
2.5439045
2.5439045
2.5439045
2.5439045
2.5439045
2.5439045
2.5439045
2.5439045
2.5439045
2.5439045
2.5439045
2.5439045
2.5439045
2.5439045
2.5439045
2.5439045
13
13
13
13
2.5439045
2.5439045
2.5439045
2.5439045
2.5439045
2.5439045
2.5439045
2.5439045
2.5439045
2.5439045
2.5439045
2.5439045
2.5439045
2.5439045
2.5439045
2.5439045
2.5439045
2.5439045
2.5439045
2.5439045
2.5439045
2.5439045
2.5439045
2.5439045
2.5439045
2.5439045
2.5439045
2.5439045
2.5439045
2.5439045
2.5439045
13
13
13
13
2.5439045
2.5439045
2.5439045
2.5439045
2.5439045
2.5439045
2.5439045
2.5439045
2.5439045
2.5439045
2.5439045
2.5439045
2.5439045
2.5439045
2.5439045
2.5439045
2.5439045
2.5439045
2.5439045
2.5439045
2.5439045
2.5439045
2.5439045
2.5439045
2.5439045
2.5439045
2.5439045
2.5439045
2.5439045
2.5439045
2.5439045
13
13
13
13
2.5439045
2.5439045
2.5439045
2.5439045
2.5439045
2.5439045
2.5439045
2.5439045
2.5439045
2.5439045
2.5439045
2.5439045
2.5439045
2.5439045
2.5439045
2.5439045
2.5439045
2.5439045
2.5439045
2.5439045
2.5439045
2.5439045
2.5439045
2.5439045
2.5439045
2.5439045
2.5439045
2.5439045
2.5439045
2.5439045
2.5439045
13
13
13
13
2.5439045
2.5439045
2.5439045
2.5439045
2.5439045
2.5439045
2.5439045
2.5439045
2.5439045
2.5439045
2.5439045
2.5439045
2.5439045
2.5439045
2.5439045
2.5439045
2.5439045
2.5439045
2.5439045
2.5439045
2.5439045
2.5439045
2.5439045
2.5439045
2.5439045
2.5439045
2.5439045
2.5439045
2.5439045
2.5439045
2.5439045
13
13
13
13
2.5439045
2.5439045
2.5439045
2.5439045
2.5439045
2.5439045
2.5439045
2.5439045
2.5439045
2.5439045
2.5439045
2.5439045
2.5439045
2.5439045
2.5439045
2.5439045
2.5439045
2.5439045
2.5439045
2.5439045
2.5439045
2.5439045
2.5439045
2.5439045
2.5439045
2.5439045
2.5439045
2.5439045
2.5439045
2.5439045
2.5439045
13
13
13
13
2.5439045
2.5439045
2.5439045
2.5439045
2.5439045
2.5439045
2.5439045
2.5439045
2.5439045
2.5439045
2.5439045
2.5439045
2.5439045
2.5439045
2.5439045
2.5439045
2.5439045
2.5439045
2.5439045
2.5439045
2.5439045
2.5439045
2.5439045
2.5439045
2.5439045
2.5439045
2.5439045
2.5439045
2.5439045
2.5439045
2.5439045
13
13
13
13
2.5439045
2.5439045
2.5439045
2.5439045
2.5439045
2.5439045
2.5439045
2.5439045
2.5439045
2.5439045
2.5439045
2.5439045
2.5439045
2.5439045
2.5439045
2.5439045
2.5439045
2.5439045
2.5439045
2.5439045
2.5439045
2.5439045
2.5439045
2.5439045
2.5439045
2.5439045
2.5439045
2.5439045
2.5439045
2.5439045
2.5439045
13
13
13
13
2.5439045
2.5439045
2.5439045
2.5439045
2.5439045
2.5439045
2.5439045
2.5439045
2.5439045
2.5439045
2.5439045
2.5439045
2.5439045
2.5439045
2.5439045
2.5439045
2.5439045
2.5439045
2.5439045
2.5439045
2.5439045
2.5439045
2.5439045
2.5439045
2.5439045
2.5439045
2.5439045
2.5439045
2.5439045
2.5439045
2.5439045
13
13
13
13
2.5439045
2.5439045
2.5439045
2.5439045
2.5439045
2.5439045
2.5439045
2.5439045
2.5439045
2.5439045
2.5439045
2.5439045
2.5439045
2.5439045
2.5439045
2.5439045
2.5439045
2.5439045
2.5439045
2.5439045
2.5439045
2.5439045
2.5439045
2.5439045
2.5439045
2.5439045
2.5439045
2.5439045
2.5439045
2.5439045
2.5439045
13
13
13
13
2.5439045
2.5439045
2.5439045
2.5439045
2.5439045
2.5439045
2.5439045
2.5439045
2.5439045
2.5439045
2.5439045
2.5439045
2.5439045
2.5439045
2.5439045
2.5439045
2.5439045
2.5439045
2.5439045
2.5439045
2.5439045
2.5439045
2.5439045
2.5439045
2.5439045
2.5439045
2.5439045
2.5439045
2.5439045
2.5439045
2.5439045
13
13
13
13
13
13
13
13
13
13
13
13
13
13
13
13
13
13
13
13
13
13
13
13
13
13
13
13
13
13
13
13
13
13
13
13
13
13
13
13
13
13
13
13
13
13
13
13
13
13
13
13
13
13
13
13
13
13
13
13
13
13
13
13
13
13
13
13
13
13
13
13

/

crown	height	for	each	tree.
&indivhtcrown
nodates = 1
values = 21.359762
21.359762
21.359762
21.359762
21.359762
21.359762
21.359762
21.359762
21.359762
21.359762
21.359762
21.359762
21.359762
21.359762
21.359762
21.359762
21.359762
21.359762
21.359762
21.359762
21.359762
21.359762
21.359762
21.359762
21.359762
21.359762
21.359762
21.359762
21.359762
21.359762
21.359762
21.359762
21.359762
21.359762
21.359762
21.359762
21.359762
21.359762
21.359762
21.359762
21.359762
21.359762
21.359762
21.359762
21.359762
21.359762
21.359762
21.359762
21.359762
21.359762
21.359762
21.359762
21.359762
21.359762
21.359762
21.359762
21.359762
21.359762
21.359762
21.359762
21.359762
21.359762
21.359762
21.359762
21.359762
21.359762
21.359762
21.359762
21.359762
21.359762
21.359762
21.359762
6.359762
6.359762
6.359762
6.359762
6.359762
6.359762
6.359762
6.359762
6.359762
6.359762
6.359762
6.359762
6.359762
6.359762
6.359762
6.359762
6.359762
6.359762
6.359762
6.359762
6.359762
6.359762
6.359762
6.359762
6.359762
6.359762
6.359762
6.359762
6.359762
6.359762
6.359762
21.359762
21.359762
21.359762
21.359762
6.359762
6.359762
6.359762
6.359762
6.359762
6.359762
6.359762
6.359762
6.359762
6.359762
6.359762
6.359762
6.359762
6.359762
6.359762
6.359762
6.359762
6.359762
6.359762
6.359762
6.359762
6.359762
6.359762
6.359762
6.359762
6.359762
6.359762
6.359762
6.359762
6.359762
6.359762
21.359762
21.359762
21.359762
21.359762
6.359762
6.359762
6.359762
6.359762
6.359762
6.359762
6.359762
6.359762
6.359762
6.359762
6.359762
6.359762
6.359762
6.359762
6.359762
6.359762
6.359762
6.359762
6.359762
6.359762
6.359762
6.359762
6.359762
6.359762
6.359762
6.359762
6.359762
6.359762
6.359762
6.359762
6.359762
21.359762
21.359762
21.359762
21.359762
6.359762
6.359762
6.359762
6.359762
6.359762
6.359762
6.359762
6.359762
6.359762
6.359762
6.359762
6.359762
6.359762
6.359762
6.359762
6.359762
6.359762
6.359762
6.359762
6.359762
6.359762
6.359762
6.359762
6.359762
6.359762
6.359762
6.359762
6.359762
6.359762
6.359762
6.359762
21.359762
21.359762
21.359762
21.359762
6.359762
6.359762
6.359762
6.359762
6.359762
6.359762
6.359762
6.359762
6.359762
6.359762
6.359762
6.359762
6.359762
6.359762
6.359762
6.359762
6.359762
6.359762
6.359762
6.359762
6.359762
6.359762
6.359762
6.359762
6.359762
6.359762
6.359762
6.359762
6.359762
6.359762
6.359762
21.359762
21.359762
21.359762
21.359762
6.359762
6.359762
6.359762
6.359762
6.359762
6.359762
6.359762
6.359762
6.359762
6.359762
6.359762
6.359762
6.359762
6.359762
6.359762
6.359762
6.359762
6.359762
6.359762
6.359762
6.359762
6.359762
6.359762
6.359762
6.359762
6.359762
6.359762
6.359762
6.359762
6.359762
6.359762
21.359762
21.359762
21.359762
21.359762
6.359762
6.359762
6.359762
6.359762
6.359762
6.359762
6.359762
6.359762
6.359762
6.359762
6.359762
6.359762
6.359762
6.359762
6.359762
6.359762
6.359762
6.359762
6.359762
6.359762
6.359762
6.359762
6.359762
6.359762
6.359762
6.359762
6.359762
6.359762
6.359762
6.359762
6.359762
21.359762
21.359762
21.359762
21.359762
6.359762
6.359762
6.359762
6.359762
6.359762
6.359762
6.359762
6.359762
6.359762
6.359762
6.359762
6.359762
6.359762
6.359762
6.359762
6.359762
6.359762
6.359762
6.359762
6.359762
6.359762
6.359762
6.359762
6.359762
6.359762
6.359762
6.359762
6.359762
6.359762
6.359762
6.359762
21.359762
21.359762
21.359762
21.359762
6.359762
6.359762
6.359762
6.359762
6.359762
6.359762
6.359762
6.359762
6.359762
6.359762
6.359762
6.359762
6.359762
6.359762
6.359762
6.359762
6.359762
6.359762
6.359762
6.359762
6.359762
6.359762
6.359762
6.359762
6.359762
6.359762
6.359762
6.359762
6.359762
6.359762
6.359762
21.359762
21.359762
21.359762
21.359762
6.359762
6.359762
6.359762
6.359762
6.359762
6.359762
6.359762
6.359762
6.359762
6.359762
6.359762
6.359762
6.359762
6.359762
6.359762
6.359762
6.359762
6.359762
6.359762
6.359762
6.359762
6.359762
6.359762
6.359762
6.359762
6.359762
6.359762
6.359762
6.359762
6.359762
6.359762
21.359762
21.359762
21.359762
21.359762
6.359762
6.359762
6.359762
6.359762
6.359762
6.359762
6.359762
6.359762
6.359762
6.359762
6.359762
6.359762
6.359762
6.359762
6.359762
6.359762
6.359762
6.359762
6.359762
6.359762
6.359762
6.359762
6.359762
6.359762
6.359762
6.359762
6.359762
6.359762
6.359762
6.359762
6.359762
21.359762
21.359762
21.359762
21.359762
6.359762
6.359762
6.359762
6.359762
6.359762
6.359762
6.359762
6.359762
6.359762
6.359762
6.359762
6.359762
6.359762
6.359762
6.359762
6.359762
6.359762
6.359762
6.359762
6.359762
6.359762
6.359762
6.359762
6.359762
6.359762
6.359762
6.359762
6.359762
6.359762
6.359762
6.359762
21.359762
21.359762
21.359762
21.359762
6.359762
6.359762
6.359762
6.359762
6.359762
6.359762
6.359762
6.359762
6.359762
6.359762
6.359762
6.359762
6.359762
6.359762
6.359762
6.359762
6.359762
6.359762
6.359762
6.359762
6.359762
6.359762
6.359762
6.359762
6.359762
6.359762
6.359762
6.359762
6.359762
6.359762
6.359762
21.359762
21.359762
21.359762
21.359762
6.359762
6.359762
6.359762
6.359762
6.359762
6.359762
6.359762
6.359762
6.359762
6.359762
6.359762
6.359762
6.359762
6.359762
6.359762
6.359762
6.359762
6.359762
6.359762
6.359762
6.359762
6.359762
6.359762
6.359762
6.359762
6.359762
6.359762
6.359762
6.359762
6.359762
6.359762
21.359762
21.359762
21.359762
21.359762
6.359762
6.359762
6.359762
6.359762
6.359762
6.359762
6.359762
6.359762
6.359762
6.359762
6.359762
6.359762
6.359762
6.359762
6.359762
6.359762
6.359762
6.359762
6.359762
6.359762
6.359762
6.359762
6.359762
6.359762
6.359762
6.359762
6.359762
6.359762
6.359762
6.359762
6.359762
21.359762
21.359762
21.359762
21.359762
6.359762
6.359762
6.359762
6.359762
6.359762
6.359762
6.359762
6.359762
6.359762
6.359762
6.359762
6.359762
6.359762
6.359762
6.359762
6.359762
6.359762
6.359762
6.359762
6.359762
6.359762
6.359762
6.359762
6.359762
6.359762
6.359762
6.359762
6.359762
6.359762
6.359762
6.359762
21.359762
21.359762
21.359762
21.359762
6.359762
6.359762
6.359762
6.359762
6.359762
6.359762
6.359762
6.359762
6.359762
6.359762
6.359762
6.359762
6.359762
6.359762
6.359762
6.359762
6.359762
6.359762
6.359762
6.359762
6.359762
6.359762
6.359762
6.359762
6.359762
6.359762
6.359762
6.359762
6.359762
6.359762
6.359762
21.359762
21.359762
21.359762
21.359762
6.359762
6.359762
6.359762
6.359762
6.359762
6.359762
6.359762
6.359762
6.359762
6.359762
6.359762
6.359762
6.359762
6.359762
6.359762
6.359762
6.359762
6.359762
6.359762
6.359762
6.359762
6.359762
6.359762
6.359762
6.359762
6.359762
6.359762
6.359762
6.359762
6.359762
6.359762
21.359762
21.359762
21.359762
21.359762
6.359762
6.359762
6.359762
6.359762
6.359762
6.359762
6.359762
6.359762
6.359762
6.359762
6.359762
6.359762
6.359762
6.359762
6.359762
6.359762
6.359762
6.359762
6.359762
6.359762
6.359762
6.359762
6.359762
6.359762
6.359762
6.359762
6.359762
6.359762
6.359762
6.359762
6.359762
21.359762
21.359762
21.359762
21.359762
6.359762
6.359762
6.359762
6.359762
6.359762
6.359762
6.359762
6.359762
6.359762
6.359762
6.359762
6.359762
6.359762
6.359762
6.359762
6.359762
6.359762
6.359762
6.359762
6.359762
6.359762
6.359762
6.359762
6.359762
6.359762
6.359762
6.359762
6.359762
6.359762
6.359762
6.359762
21.359762
21.359762
21.359762
21.359762
6.359762
6.359762
6.359762
6.359762
6.359762
6.359762
6.359762
6.359762
6.359762
6.359762
6.359762
6.359762
6.359762
6.359762
6.359762
6.359762
6.359762
6.359762
6.359762
6.359762
6.359762
6.359762
6.359762
6.359762
6.359762
6.359762
6.359762
6.359762
6.359762
6.359762
6.359762
21.359762
21.359762
21.359762
21.359762
6.359762
6.359762
6.359762
6.359762
6.359762
6.359762
6.359762
6.359762
6.359762
6.359762
6.359762
6.359762
6.359762
6.359762
6.359762
6.359762
6.359762
6.359762
6.359762
6.359762
6.359762
6.359762
6.359762
6.359762
6.359762
6.359762
6.359762
6.359762
6.359762
6.359762
6.359762
21.359762
21.359762
21.359762
21.359762
6.359762
6.359762
6.359762
6.359762
6.359762
6.359762
6.359762
6.359762
6.359762
6.359762
6.359762
6.359762
6.359762
6.359762
6.359762
6.359762
6.359762
6.359762
6.359762
6.359762
6.359762
6.359762
6.359762
6.359762
6.359762
6.359762
6.359762
6.359762
6.359762
6.359762
6.359762
21.359762
21.359762
21.359762
21.359762
6.359762
6.359762
6.359762
6.359762
6.359762
6.359762
6.359762
6.359762
6.359762
6.359762
6.359762
6.359762
6.359762
6.359762
6.359762
6.359762
6.359762
6.359762
6.359762
6.359762
6.359762
6.359762
6.359762
6.359762
6.359762
6.359762
6.359762
6.359762
6.359762
6.359762
6.359762
21.359762
21.359762
21.359762
21.359762
6.359762
6.359762
6.359762
6.359762
6.359762
6.359762
6.359762
6.359762
6.359762
6.359762
6.359762
6.359762
6.359762
6.359762
6.359762
6.359762
6.359762
6.359762
6.359762
6.359762
6.359762
6.359762
6.359762
6.359762
6.359762
6.359762
6.359762
6.359762
6.359762
6.359762
6.359762
21.359762
21.359762
21.359762
21.359762
6.359762
6.359762
6.359762
6.359762
6.359762
6.359762
6.359762
6.359762
6.359762
6.359762
6.359762
6.359762
6.359762
6.359762
6.359762
6.359762
6.359762
6.359762
6.359762
6.359762
6.359762
6.359762
6.359762
6.359762
6.359762
6.359762
6.359762
6.359762
6.359762
6.359762
6.359762
21.359762
21.359762
21.359762
21.359762
6.359762
6.359762
6.359762
6.359762
6.359762
6.359762
6.359762
6.359762
6.359762
6.359762
6.359762
6.359762
6.359762
6.359762
6.359762
6.359762
6.359762
6.359762
6.359762
6.359762
6.359762
6.359762
6.359762
6.359762
6.359762
6.359762
6.359762
6.359762
6.359762
6.359762
6.359762
21.359762
21.359762
21.359762
21.359762
6.359762
6.359762
6.359762
6.359762
6.359762
6.359762
6.359762
6.359762
6.359762
6.359762
6.359762
6.359762
6.359762
6.359762
6.359762
6.359762
6.359762
6.359762
6.359762
6.359762
6.359762
6.359762
6.359762
6.359762
6.359762
6.359762
6.359762
6.359762
6.359762
6.359762
6.359762
21.359762
21.359762
21.359762
21.359762
6.359762
6.359762
6.359762
6.359762
6.359762
6.359762
6.359762
6.359762
6.359762
6.359762
6.359762
6.359762
6.359762
6.359762
6.359762
6.359762
6.359762
6.359762
6.359762
6.359762
6.359762
6.359762
6.359762
6.359762
6.359762
6.359762
6.359762
6.359762
6.359762
6.359762
6.359762
21.359762
21.359762
21.359762
21.359762
6.359762
6.359762
6.359762
6.359762
6.359762
6.359762
6.359762
6.359762
6.359762
6.359762
6.359762
6.359762
6.359762
6.359762
6.359762
6.359762
6.359762
6.359762
6.359762
6.359762
6.359762
6.359762
6.359762
6.359762
6.359762
6.359762
6.359762
6.359762
6.359762
6.359762
6.359762
21.359762
21.359762
21.359762
21.359762
6.359762
6.359762
6.359762
6.359762
6.359762
6.359762
6.359762
6.359762
6.359762
6.359762
6.359762
6.359762
6.359762
6.359762
6.359762
6.359762
6.359762
6.359762
6.359762
6.359762
6.359762
6.359762
6.359762
6.359762
6.359762
6.359762
6.359762
6.359762
6.359762
6.359762
6.359762
21.359762
21.359762
21.359762
21.359762
21.359762
21.359762
21.359762
21.359762
21.359762
21.359762
21.359762
21.359762
21.359762
21.359762
21.359762
21.359762
21.359762
21.359762
21.359762
21.359762
21.359762
21.359762
21.359762
21.359762
21.359762
21.359762
21.359762
21.359762
21.359762
21.359762
21.359762
21.359762
21.359762
21.359762
21.359762
21.359762
21.359762
21.359762
21.359762
21.359762
21.359762
21.359762
21.359762
21.359762
21.359762
21.359762
21.359762
21.359762
21.359762
21.359762
21.359762
21.359762
21.359762
21.359762
21.359762
21.359762
21.359762
21.359762
21.359762
21.359762
21.359762
21.359762
21.359762
21.359762
21.359762
21.359762
21.359762
21.359762
21.359762
21.359762
21.359762
21.359762

/

stem	diameter	for	each	tree
&indivdiam
nodates = 1
values = 0.3 0.3 0.3 0.3 0.3 0.3 0.3 0.3 0.3 0.3 0.3 0.3 0.3 0.3 0.3 0.3 0.3 0.3 0.3 0.3 0.3 0.3 0.3 0.3 0.3 0.3 0.3 0.3 0.3 0.3 0.3 0.3 0.3 0.3 0.3 0.3 0.3 0.3 0.3 0.3 0.3 0.3 0.3 0.3 0.3 0.3 0.3 0.3 0.3 0.3 0.3 0.3 0.3 0.3 0.3 0.3 0.3 0.3 0.3 0.3 0.3 0.3 0.3 0.3 0.3 0.3 0.3 0.3 0.3 0.3 0.3 0.3 0.3 0.3 0.3 0.3 0.3 0.3 0.3 0.3 0.3 0.3 0.3 0.3 0.3 0.3 0.3 0.3 0.3 0.3 0.3 0.3 0.3 0.3 0.3 0.3 0.3 0.3 0.3 0.3 0.3 0.3 0.3 0.3 0.3 0.3 0.3 0.3 0.3 0.3 0.3 0.3 0.3 0.3 0.3 0.3 0.3 0.3 0.3 0.3 0.3 0.3 0.3 0.3 0.3 0.3 0.3 0.3 0.3 0.3 0.3 0.3 0.3 0.3 0.3 0.3 0.3 0.3 0.3 0.3 0.3 0.3 0.3 0.3 0.3 0.3 0.3 0.3 0.3 0.3 0.3 0.3 0.3 0.3 0.3 0.3 0.3 0.3 0.3 0.3 0.3 0.3 0.3 0.3 0.3 0.3 0.3 0.3 0.3 0.3 0.3 0.3 0.3 0.3 0.3 0.3 0.3 0.3 0.3 0.3 0.3 0.3 0.3 0.3 0.3 0.3 0.3 0.3 0.3 0.3 0.3 0.3 0.3 0.3 0.3 0.3 0.3 0.3 0.3 0.3 0.3 0.3 0.3 0.3 0.3 0.3 0.3 0.3 0.3 0.3 0.3 0.3 0.3 0.3 0.3 0.3 0.3 0.3 0.3 0.3 0.3 0.3 0.3 0.3 0.3 0.3 0.3 0.3 0.3 0.3 0.3 0.3 0.3 0.3 0.3 0.3 0.3 0.3 0.3 0.3 0.3 0.3 0.3 0.3 0.3 0.3 0.3 0.3 0.3 0.3 0.3 0.3 0.3 0.3 0.3 0.3 0.3 0.3 0.3 0.3 0.3 0.3 0.3 0.3 0.3 0.3 0.3 0.3 0.3 0.3 0.3 0.3 0.3 0.3 0.3 0.3 0.3 0.3 0.3 0.3 0.3 0.3 0.3 0.3 0.3 0.3 0.3 0.3 0.3 0.3 0.3 0.3 0.3 0.3 0.3 0.3 0.3 0.3 0.3 0.3 0.3 0.3 0.3 0.3 0.3 0.3 0.3 0.3 0.3 0.3 0.3 0.3 0.3 0.3 0.3 0.3 0.3 0.3 0.3 0.3 0.3 0.3 0.3 0.3 0.3 0.3 0.3 0.3 0.3 0.3 0.3 0.3 0.3 0.3 0.3 0.3 0.3 0.3 0.3 0.3 0.3 0.3 0.3 0.3 0.3 0.3 0.3 0.3 0.3 0.3 0.3 0.3 0.3 0.3 0.3 0.3 0.3 0.3 0.3 0.3 0.3 0.3 0.3 0.3 0.3 0.3 0.3 0.3 0.3 0.3 0.3 0.3 0.3 0.3 0.3 0.3 0.3 0.3 0.3 0.3 0.3 0.3 0.3 0.3 0.3 0.3 0.3 0.3 0.3 0.3 0.3 0.3 0.3 0.3 0.3 0.3 0.3 0.3 0.3 0.3 0.3 0.3 0.3 0.3 0.3 0.3 0.3 0.3 0.3 0.3 0.3 0.3 0.3 0.3 0.3 0.3 0.3 0.3 0.3 0.3 0.3 0.3 0.3 0.3 0.3 0.3 0.3 0.3 0.3 0.3 0.3 0.3 0.3 0.3 0.3 0.3 0.3 0.3 0.3 0.3 0.3 0.3 0.3 0.3 0.3 0.3 0.3 0.3 0.3 0.3 0.3 0.3 0.3 0.3 0.3 0.3 0.3 0.3 0.3 0.3 0.3 0.3 0.3 0.3 0.3 0.3 0.3 0.3 0.3 0.3 0.3 0.3 0.3 0.3 0.3 0.3 0.3 0.3 0.3 0.3 0.3 0.3 0.3 0.3 0.3 0.3 0.3 0.3 0.3 0.3 0.3 0.3 0.3 0.3 0.3 0.3 0.3 0.3 0.3 0.3 0.3 0.3 0.3 0.3 0.3 0.3 0.3 0.3 0.3 0.3 0.3 0.3 0.3 0.3 0.3 0.3 0.3 0.3 0.3 0.3 0.3 0.3 0.3 0.3 0.3 0.3 0.3 0.3 0.3 0.3 0.3 0.3 0.3 0.3 0.3 0.3 0.3 0.3 0.3 0.3 0.3 0.3 0.3 0.3 0.3 0.3 0.3 0.3 0.3 0.3 0.3 0.3 0.3 0.3 0.3 0.3 0.3 0.3 0.3 0.3 0.3 0.3 0.3 0.3 0.3 0.3 0.3 0.3 0.3 0.3 0.3 0.3 0.3 0.3 0.3 0.3 0.3 0.3 0.3 0.3 0.3 0.3 0.3 0.3 0.3 0.3 0.3 0.3 0.3 0.3 0.3 0.3 0.3 0.3 0.3 0.3 0.3 0.3 0.3 0.3 0.3 0.3 0.3 0.3 0.3 0.3 0.3 0.3 0.3 0.3 0.3 0.3 0.3 0.3 0.3 0.3 0.3 0.3 0.3 0.3 0.3 0.3 0.3 0.3 0.3 0.3 0.3 0.3 0.3 0.3 0.3 0.3 0.3 0.3 0.3 0.3 0.3 0.3 0.3 0.3 0.3 0.3 0.3 0.3 0.3 0.3 0.3 0.3 0.3 0.3 0.3 0.3 0.3 0.3 0.3 0.3 0.3 0.3 0.3 0.3 0.3 0.3 0.3 0.3 0.3 0.3 0.3 0.3 0.3 0.3 0.3 0.3 0.3 0.3 0.3 0.3 0.3 0.3 0.3 0.3 0.3 0.3 0.3 0.3 0.3 0.3 0.3 0.3 0.3 0.3 0.3 0.3 0.3 0.3 0.3 0.3 0.3 0.3 0.3 0.3 0.3 0.3 0.3 0.3 0.3 0.3 0.3 0.3 0.3 0.3 0.3 0.3 0.3 0.3 0.3 0.3 0.3 0.3 0.3 0.3 0.3 0.3 0.3 0.3 0.3 0.3 0.3 0.3 0.3 0.3 0.3 0.3 0.3 0.3 0.3 0.3 0.3 0.3 0.3 0.3 0.3 0.3 0.3 0.3 0.3 0.3 0.3 0.3 0.3 0.3 0.3 0.3 0.3 0.3 0.3 0.3 0.3 0.3 0.3 0.3 0.3 0.3 0.3 0.3 0.3 0.3 0.3 0.3 0.3 0.3 0.3 0.3 0.3 0.3 0.3 0.3 0.3 0.3 0.3 0.3 0.3 0.3 0.3 0.3 0.3 0.3 0.3 0.3 0.3 0.3 0.3 0.3 0.3 0.3 0.3 0.3 0.3 0.3 0.3 0.3 0.3 0.3 0.3 0.3 0.3 0.3 0.3 0.3 0.3 0.3 0.3 0.3 0.3 0.3 0.3 0.3 0.3 0.3 0.3 0.3 0.3 0.3 0.3 0.3 0.3 0.3 0.3 0.3 0.3 0.3 0.3 0.3 0.3 0.3 0.3 0.3 0.3 0.3 0.3 0.3 0.3 0.3 0.3 0.3 0.3 0.3 0.3 0.3 0.3 0.3 0.3 0.3 0.3 0.3 0.3 0.3 0.3 0.3 0.3 0.3 0.3 0.3 0.3 0.3 0.3 0.3 0.3 0.3 0.3 0.3 0.3 0.3 0.3 0.3 0.3 0.3 0.3 0.3 0.3 0.3 0.3 0.3 0.3 0.3 0.3 0.3 0.3 0.3 0.3 0.3 0.3 0.3 0.3 0.3 0.3 0.3 0.3 0.3 0.3 0.3 0.3 0.3 0.3 0.3 0.3 0.3 0.3 0.3 0.3 0.3 0.3 0.3 0.3 0.3 0.3 0.3 0.3 0.3 0.3 0.3 0.3 0.3 0.3 0.3 0.3 0.3 0.3 0.3 0.3 0.3 0.3 0.3 0.3 0.3 0.3 0.3 0.3 0.3 0.3 0.3 0.3 0.3 0.3 0.3 0.3 0.3 0.3 0.3 0.3 0.3 0.3 0.3 0.3 0.3 0.3 0.3 0.3 0.3 0.3 0.3 0.3 0.3 0.3 0.3 0.3 0.3 0.3 0.3 0.3 0.3 0.3 0.3 0.3 0.3 0.3 0.3 0.3 0.3 0.3 0.3 0.3 0.3 0.3 0.3 0.3 0.3 0.3 0.3 0.3 0.3 0.3 0.3 0.3 0.3 0.3 0.3 0.3 0.3 0.3 0.3 0.3 0.3 0.3 0.3 0.3 0.3 0.3 0.3 0.3 0.3 0.3 0.3 0.3 0.3 0.3 0.3 0.3 0.3 0.3 0.3 0.3 0.3 0.3 0.3 0.3 0.3 0.3 0.3 0.3 0.3 0.3 0.3 0.3 0.3 0.3 0.3 0.3 0.3 0.3 0.3 0.3 0.3 0.3 0.3 0.3 0.3 0.3 0.3 0.3 0.3 0.3 0.3 0.3 0.3 0.3 0.3 0.3 0.3 0.3 0.3 0.3 0.3 0.3 0.3 0.3 0.3 0.3 0.3 0.3 0.3 0.3 0.3 0.3 0.3 0.3 0.3 0.3 0.3 0.3 0.3 0.3 0.3 0.3 0.3 0.3 0.3 0.3 0.3 0.3 0.3 0.3 0.3 0.3 0.3 0.3 0.3 0.3 0.3 0.3 0.3 0.3 0.3 0.3 0.3 0.3 0.3 0.3 0.3 0.3 0.3 0.3 0.3 0.3 0.3 0.3 0.3 0.3 0.3 0.3 0.3 0.3 0.3 0.3 0.3 0.3 0.3 0.3 0.3 0.3 0.3 0.3 0.3 0.3 0.3 0.3 0.3 0.3 0.3 0.3 0.3 0.3 0.3 0.3 0.3 0.3 0.3 0.3 0.3 0.3 0.3 0.3 0.3 0.3 0.3 0.3 0.3 0.3 0.3 0.3 0.3 0.3 0.3 0.3 0.3 0.3 0.3 0.3 0.3 0.3 0.3 0.3 0.3 0.3 0.3 0.3 0.3 0.3 0.3 0.3 0.3 0.3 0.3 0.3 0.3 0.3 0.3 0.3 0.3 0.3 0.3 0.3 0.3 0.3 0.3 0.3 0.3 0.3 0.3 0.3 0.3 0.3 0.3 0.3 0.3 0.3 0.3 0.3 0.3 0.3 0.3 0.3 0.3 0.3 0.3 0.3 0.3 0.3 0.3 0.3 0.3 0.3 0.3 0.3 0.3 0.3
/

trunk	height
&indivhttrunk
nodates = 1
values = 0.001 0.001 0.001 0.001 0.001 0.001 0.001 0.001 0.001 0.001 0.001 0.001 0.001 0.001 0.001 0.001 0.001 0.001 0.001 0.001 0.001 0.001 0.001 0.001 0.001 0.001 0.001 0.001 0.001 0.001 0.001 0.001 0.001 0.001 0.001 0.001 0.001 0.001 0.001 0.001 0.001 0.001 0.001 0.001 0.001 0.001 0.001 0.001 0.001 0.001 0.001 0.001 0.001 0.001 0.001 0.001 0.001 0.001 0.001 0.001 0.001 0.001 0.001 0.001 0.001 0.001 0.001 0.001 0.001 0.001 0.001 0.001 14.97 14.1 14.53 13.98 14.7 16.68 16.24 16.88 18.91 14.92 18.34 14.98 12.68 12.93 17.22 14.62 14.51 13.91 12.07 15.63 16.77 16.38 15.14 12.47 16.49 13.94 14.11 13.4 13.59 15.14 15.1 0.001 0.001 0.001 0.001 15.8 14.44 13.62 14.04 13.72 12.58 16.66 14.35 15.9 15.06 15.88 13.45 16.24 14.46 15.28 14.68 14.37 13.88 14.75 11.4 16.32 14.62 12.53 15.25 16.39 13.56 15.72 16.69 16 17.04 16.53 0.001 0.001 0.001 0.001 16.18 16.99 16.08 12.93 15.15 12.3 16.46 15.32 15.79 14.19 12.42 16.55 13.28 14.6 13.25 14.68 12.42 12.84 16.25 15.71 15.65 15.71 17.61 16.36 15.44 13.69 13.92 14.73 16.55 12.14 16.2 0.001 0.001 0.001 0.001 15.2 16.77 15.58 15.05 16.4 14.82 13.31 15.63 15.08 14.87 15.16 13.49 14.57 16.69 14.94 17.01 15.6 13.95 11.61 16.18 14.32 14.16 15.93 17.13 13.86 14.92 14.28 13.62 14.03 15.78 17.22 0.001 0.001 0.001 0.001 14.56 17.02 15.38 13.57 13.49 15.83 15.5 15.22 14.37 15.01 13.94 17.17 13.02 14.31 14.26 18.04 13.36 16.09 15.08 14.32 15.73 15.16 15.05 14.11 16.35 15.06 14.84 16.72 10.45 15.28 14.68 0.001 0.001 0.001 0.001 15.57 12.78 13.99 14.15 12.47 15.77 14.67 17.45 14.36 17.59 18.1 11.3 14.76 14.64 16.81 15.27 16.45 16.68 12.56 13.84 14.66 15.33 15.1 12.67 17.19 14.99 13.42 17.13 14.05 17.54 16.14 0.001 0.001 0.001 0.001 16.65 15.74 16.76 13.36 13.97 14.31 14.12 16.07 14.76 13.49 14.34 13.65 14.9 14.12 14.98 15.76 14.38 13.85 15.62 14.94 13.08 16.08 13.74 14.14 14.29 13.41 15.15 13.82 12.32 12.89 16.2 0.001 0.001 0.001 0.001 16.15 14.23 14.6 14.12 16.78 14 15.03 14.84 14.04 17.3 16.97 15.52 16.23 16.64 16.68 12.7 15.72 16.57 16.55 17.04 16.62 14.03 16.59 16.98 14.98 14.2 14.08 16.05 13.96 13.46 15.06 0.001 0.001 0.001 0.001 15.57 15.34 16.09 18.09 12.88 13.97 15.85 14.7 12.51 14.67 16.41 15.88 14.87 10.44 14.16 13.01 16.4 14.91 18.16 13.95 13.55 15.35 16.59 13.9 16.29 14.28 16.77 14.68 14.94 12.69 13.07 0.001 0.001 0.001 0.001 11.69 15.45 15.28 12.66 17.01 13.97 14.71 12.77 12.16 17.09 17.41 16.59 15.22 14.36 14.03 15.41 13.81 14.02 14.4 15.79 16.73 12.28 16.52 13.96 14.66 17.94 15.71 13.76 14.83 14.47 15.22 0.001 0.001 0.001 0.001 17.41 13.51 13.73 16.02 16.77 15.43 14.97 14.89 15.58 15.85 14.79 12.74 17.18 14.53 13.24 17.15 15.62 15.57 12.41 15.96 16.11 16.4 17.84 15.81 15.25 15.14 15.87 14.01 15.41 13.45 16.36 0.001 0.001 0.001 0.001 11.51 13.35 14.55 14.95 13.95 14.64 14.72 13.04 17.16 14.84 14.85 14.41 16.1 16.54 15.7 15.64 14.23 13.04 16.62 13.04 14.53 15.14 15.85 15.69 12.26 14.84 17.92 14.24 12.5 15.96 18.83 0.001 0.001 0.001 0.001 14 13.84 17.3 12.55 16.78 16.02 13.1 14.43 15.67 17.35 15.79 16.67 14.13 14.45 14.33 14.59 14.99 14.76 13.79 16.77 14.25 16.08 14.58 17.07 13.1 15.28 13 14.35 14.88 14.77 13.82 0.001 0.001 0.001 0.001 14.39 14.18 14.63 13.87 15.19 13.46 14.45 16.41 13.9 14.2 17.16 16.35 16.03 14.09 14.65 14.36 16.74 13.54 13.32 14.96 14.69 15.84 14.31 14.6 13.77 13.32 16.65 15.32 14.65 14.47 15.41 0.001 0.001 0.001 0.001 14.31 14.61 15.12 16.62 16.16 16.84 15.6 14.41 15.18 16.06 14.19 15.8 13.47 13.52 14.09 16.97 15.28 14.48 17.41 14.38 13.25 15.31 15.05 14.64 14.18 16.13 14.47 15.63 14.48 15.97 17 0.001 0.001 0.001 0.001 12.37 14.71 18.57 16.78 15.47 13.75 13.06 15.53 18.48 13.75 13.14 16.28 17.51 15.93 14.49 29.85 15.01 13.34 14.55 14.44 17.9 15.63 16.66 13.35 14.01 14.97 15.44 14.22 13.8 12.3 13.7 0.001 0.001 0.001 0.001 15.76 14.79 12.61 16.04 16.6 14.2 14.82 14.94 15.62 15.45 13.73 7.62 12.39 15.57 15.65 13.59 14.43 15.16 13.77 11.22 14.29 14.94 16.41 14.75 16.1 13.48 17.44 18.12 13.61 17.81 17.5 0.001 0.001 0.001 0.001 10.65 14.38 13.53 16.15 13.84 13.71 16.18 14.87 15.99 13.84 15.54 14.73 11.73 15.42 15.76 16.17 15.1 16.26 12.07 16.36 15.35 14.57 13.69 16.17 14.06 13.06 16.9 17.58 13.45 15.22 13.86 0.001 0.001 0.001 0.001 15.98 15.21 16.63 15.05 17.1 17.72 14.67 16.12 14.04 13.12 14.75 13.03 15.53 15.3 15.89 14.69 15.04 15.79 14.05 13.81 16.91 13.83 16.3 14.52 12.2 15.44 16.86 14.07 12.05 17.58 15.54 0.001 0.001 0.001 0.001 18.47 15.8 13.34 14.86 14.91 15.72 13.52 15.65 17 16.08 14.76 18.31 16.2 15.37 14.24 13.89 14.18 16.41 15.48 14.87 17.12 14.78 15.63 15.8 13.77 16.26 14.64 16.15 12.59 14.09 14.23 0.001 0.001 0.001 0.001 14.64 12.35 13.63 16.63 16.84 13.29 14.96 15.96 13.1 14.45 13.95 15.15 13.3 12.61 14.63 12.65 14.62 12.66 12.77 14.32 16.99 13.74 13.49 14.17 19.86 13.53 16.1 14.5 16.96 15.31 15.89 0.001 0.001 0.001 0.001 13.6 15.65 12.16 13.91 18.3 14.64 18.46 16.08 14.88 13.27 16.48 14.07 15.75 17.65 13.88 14.65 16.25 16.71 14.28 16.17 17.38 14.65 12.78 13.8 14.97 12.8 16.61 14.37 14.61 13.64 15.17 0.001 0.001 0.001 0.001 15.74 14.75 16.54 15.34 14.57 13.66 18.69 14.27 17.11 12.83 14.81 14.53 13.2 15.19 15.3 14.95 18.53 14.92 16.42 14.26 15.95 15.27 15.9 14.13 14.5 15.76 14.32 17.84 13.95 16.44 16.84 0.001 0.001 0.001 0.001 16.88 13.97 14.76 14.13 16.13 15.67 13.36 13.16 13.3 15.76 16.21 15.35 13.55 15.21 16.38 12.66 13.45 13.41 16.3 12.16 14.35 15.29 17.81 17.36 12.55 11.06 16.78 13.69 12.83 14.1 15.1 0.001 0.001 0.001 0.001 16.83 14.5 13.31 15.48 15.32 14.06 16.08 15.36 16.68 13.41 15.77 16.67 15.38 14.92 15.3 14.76 15.15 14.59 15.1 14.98 14.75 12.34 12.19 16.74 15.95 15.31 14.95 14.11 13.98 15.12 14.45 0.001 0.001 0.001 0.001 13.85 13.68 15.01 15.84 15.35 18.33 18.58 16.84 17.31 16.42 12.93 14.82 15.76 18.13 15.5 16.97 14.6 17.66 14.22 15.06 12.61 14.01 15.9 15.14 15.88 17.55 17.09 17.99 15.09 14.57 14.66 0.001 0.001 0.001 0.001 13.11 15.75 14.54 13.33 16.5 13.05 16.59 16.33 15.33 14.75 11.23 13.05 17.17 11.38 16.71 14.75 12.49 13.3 15.44 13.43 13.4 14.83 13.43 14.14 15.93 16.61 15.85 14.98 14.57 13.72 16.12 0.001 0.001 0.001 0.001 14.29 17.77 14.46 13.23 12.2 16.68 14.31 14.75 15.11 13.4 14.54 12.97 15.01 15.8 13.32 14.86 17.65 14.01 13.91 15.75 12.05 15.01 14.49 14.08 13.83 14.54 13.87 13.78 12.9 15.43 17.76 0.001 0.001 0.001 0.001 14.63 16.8 15.4 16.1 14.98 15.32 14.32 12.52 16.5 14.93 14.39 16.28 15.64 15.08 14.33 16.22 13.36 13.18 17.7 13.44 16.5 14.45 15.56 17.14 15.56 15.87 17.32 16.83 13.48 15.83 13.63 0.001 0.001 0.001 0.001 14.95 16.79 12.07 12.96 13.93 16.17 17.65 13.18 14.24 13.71 14.71 15.23 14.6 15.81 16.37 16.46 15.82 14.55 14.18 14.99 13.83 16.7 13.4 14.82 15.12 13.99 16.82 14.56 15.53 14.07 16.5 0.001 0.001 0.001 0.001 15.68 15.68 14.99 15.04 18.28 14.62 16.24 19.09 15.11 14.39 15.81 15.57 15.18 15.55 16.59 15.84 12.47 14.15 14.45 12.44 15.83 12.56 13.93 16.73 16.82 12.41 13.92 17.1 14.77 15.32 12.52 0.001 0.001 0.001 0.001 0.001 0.001 0.001 0.001 0.001 0.001 0.001 0.001 0.001 0.001 0.001 0.001 0.001 0.001 0.001 0.001 0.001 0.001 0.001 0.001 0.001 0.001 0.001 0.001 0.001 0.001 0.001 0.001 0.001 0.001 0.001 0.001 0.001 0.001 0.001 0.001 0.001 0.001 0.001 0.001 0.001 0.001 0.001 0.001 0.001 0.001 0.001 0.001 0.001 0.001 0.001 0.001 0.001 0.001 0.001 0.001 0.001 0.001 0.001 0.001 0.001 0.001 0.001 0.001 0.001 0.001 0.001 0.001
/

leaf	area
&indivlarea
nodates = 1
values = 900
900
900
900
900
900
900
900
900
900
900
900
900
900
900
900
900
900
900
900
900
900
900
900
900
900
900
900
900
900
900
900
900
900
900
900
900
900
900
900
900
900
900
900
900
900
900
900
900
900
900
900
900
900
900
900
900
900
900
900
900
900
900
900
900
900
900
900
900
900
900
900
47.62
47.62
47.62
47.62
47.62
47.62
47.62
47.62
47.62
47.62
47.62
47.62
47.62
47.62
47.62
47.62
47.62
47.62
47.62
47.62
47.62
47.62
47.62
47.62
47.62
47.62
47.62
47.62
47.62
47.62
47.62
900
900
900
900
47.62
47.62
47.62
47.62
47.62
47.62
47.62
47.62
47.62
47.62
47.62
47.62
47.62
47.62
47.62
47.62
47.62
47.62
47.62
47.62
47.62
47.62
47.62
47.62
47.62
47.62
47.62
47.62
47.62
47.62
47.62
900
900
900
900
47.62
47.62
47.62
47.62
47.62
47.62
47.62
47.62
47.62
47.62
47.62
47.62
47.62
47.62
47.62
47.62
47.62
47.62
47.62
47.62
47.62
47.62
47.62
47.62
47.62
47.62
47.62
47.62
47.62
47.62
47.62
900
900
900
900
47.62
47.62
47.62
47.62
47.62
47.62
47.62
47.62
47.62
47.62
47.62
47.62
47.62
47.62
47.62
47.62
47.62
47.62
47.62
47.62
47.62
47.62
47.62
47.62
47.62
47.62
47.62
47.62
47.62
47.62
47.62
900
900
900
900
47.62
47.62
47.62
47.62
47.62
47.62
47.62
47.62
47.62
47.62
47.62
47.62
47.62
47.62
47.62
47.62
47.62
47.62
47.62
47.62
47.62
47.62
47.62
47.62
47.62
47.62
47.62
47.62
47.62
47.62
47.62
900
900
900
900
47.62
47.62
47.62
47.62
47.62
47.62
47.62
47.62
47.62
47.62
47.62
47.62
47.62
47.62
47.62
47.62
47.62
47.62
47.62
47.62
47.62
47.62
47.62
47.62
47.62
47.62
47.62
47.62
47.62
47.62
47.62
900
900
900
900
47.62
47.62
47.62
47.62
47.62
47.62
47.62
47.62
47.62
47.62
47.62
47.62
47.62
47.62
47.62
47.62
47.62
47.62
47.62
47.62
47.62
47.62
47.62
47.62
47.62
47.62
47.62
47.62
47.62
47.62
47.62
900
900
900
900
47.62
47.62
47.62
47.62
47.62
47.62
47.62
47.62
47.62
47.62
47.62
47.62
47.62
47.62
47.62
47.62
47.62
47.62
47.62
47.62
47.62
47.62
47.62
47.62
47.62
47.62
47.62
47.62
47.62
47.62
47.62
900
900
900
900
47.62
47.62
47.62
47.62
47.62
47.62
47.62
47.62
47.62
47.62
47.62
47.62
47.62
47.62
47.62
47.62
47.62
47.62
47.62
47.62
47.62
47.62
47.62
47.62
47.62
47.62
47.62
47.62
47.62
47.62
47.62
900
900
900
900
47.62
47.62
47.62
47.62
47.62
47.62
47.62
47.62
47.62
47.62
47.62
47.62
47.62
47.62
47.62
47.62
47.62
47.62
47.62
47.62
47.62
47.62
47.62
47.62
47.62
47.62
47.62
47.62
47.62
47.62
47.62
900
900
900
900
47.62
47.62
47.62
47.62
47.62
47.62
47.62
47.62
47.62
47.62
47.62
47.62
47.62
47.62
47.62
47.62
47.62
47.62
47.62
47.62
47.62
47.62
47.62
47.62
47.62
47.62
47.62
47.62
47.62
47.62
47.62
900
900
900
900
47.62
47.62
47.62
47.62
47.62
47.62
47.62
47.62
47.62
47.62
47.62
47.62
47.62
47.62
47.62
47.62
47.62
47.62
47.62
47.62
47.62
47.62
47.62
47.62
47.62
47.62
47.62
47.62
47.62
47.62
47.62
900
900
900
900
47.62
47.62
47.62
47.62
47.62
47.62
47.62
47.62
47.62
47.62
47.62
47.62
47.62
47.62
47.62
47.62
47.62
47.62
47.62
47.62
47.62
47.62
47.62
47.62
47.62
47.62
47.62
47.62
47.62
47.62
47.62
900
900
900
900
47.62
47.62
47.62
47.62
47.62
47.62
47.62
47.62
47.62
47.62
47.62
47.62
47.62
47.62
47.62
47.62
47.62
47.62
47.62
47.62
47.62
47.62
47.62
47.62
47.62
47.62
47.62
47.62
47.62
47.62
47.62
900
900
900
900
47.62
47.62
47.62
47.62
47.62
47.62
47.62
47.62
47.62
47.62
47.62
47.62
47.62
47.62
47.62
47.62
47.62
47.62
47.62
47.62
47.62
47.62
47.62
47.62
47.62
47.62
47.62
47.62
47.62
47.62
47.62
900
900
900
900
47.62
47.62
47.62
47.62
47.62
47.62
47.62
47.62
47.62
47.62
47.62
47.62
47.62
47.62
47.62
47.62
47.62
47.62
47.62
47.62
47.62
47.62
47.62
47.62
47.62
47.62
47.62
47.62
47.62
47.62
47.62
900
900
900
900
47.62
47.62
47.62
47.62
47.62
47.62
47.62
47.62
47.62
47.62
47.62
47.62
47.62
47.62
47.62
47.62
47.62
47.62
47.62
47.62
47.62
47.62
47.62
47.62
47.62
47.62
47.62
47.62
47.62
47.62
47.62
900
900
900
900
47.62
47.62
47.62
47.62
47.62
47.62
47.62
47.62
47.62
47.62
47.62
47.62
47.62
47.62
47.62
47.62
47.62
47.62
47.62
47.62
47.62
47.62
47.62
47.62
47.62
47.62
47.62
47.62
47.62
47.62
47.62
900
900
900
900
47.62
47.62
47.62
47.62
47.62
47.62
47.62
47.62
47.62
47.62
47.62
47.62
47.62
47.62
47.62
47.62
47.62
47.62
47.62
47.62
47.62
47.62
47.62
47.62
47.62
47.62
47.62
47.62
47.62
47.62
47.62
900
900
900
900
47.62
47.62
47.62
47.62
47.62
47.62
47.62
47.62
47.62
47.62
47.62
47.62
47.62
47.62
47.62
47.62
47.62
47.62
47.62
47.62
47.62
47.62
47.62
47.62
47.62
47.62
47.62
47.62
47.62
47.62
47.62
900
900
900
900
47.62
47.62
47.62
47.62
47.62
47.62
47.62
47.62
47.62
47.62
47.62
47.62
47.62
47.62
47.62
47.62
47.62
47.62
47.62
47.62
47.62
47.62
47.62
47.62
47.62
47.62
47.62
47.62
47.62
47.62
47.62
900
900
900
900
47.62
47.62
47.62
47.62
47.62
47.62
47.62
47.62
47.62
47.62
47.62
47.62
47.62
47.62
47.62
47.62
47.62
47.62
47.62
47.62
47.62
47.62
47.62
47.62
47.62
47.62
47.62
47.62
47.62
47.62
47.62
900
900
900
900
47.62
47.62
47.62
47.62
47.62
47.62
47.62
47.62
47.62
47.62
47.62
47.62
47.62
47.62
47.62
47.62
47.62
47.62
47.62
47.62
47.62
47.62
47.62
47.62
47.62
47.62
47.62
47.62
47.62
47.62
47.62
900
900
900
900
47.62
47.62
47.62
47.62
47.62
47.62
47.62
47.62
47.62
47.62
47.62
47.62
47.62
47.62
47.62
47.62
47.62
47.62
47.62
47.62
47.62
47.62
47.62
47.62
47.62
47.62
47.62
47.62
47.62
47.62
47.62
900
900
900
900
47.62
47.62
47.62
47.62
47.62
47.62
47.62
47.62
47.62
47.62
47.62
47.62
47.62
47.62
47.62
47.62
47.62
47.62
47.62
47.62
47.62
47.62
47.62
47.62
47.62
47.62
47.62
47.62
47.62
47.62
47.62
900
900
900
900
47.62
47.62
47.62
47.62
47.62
47.62
47.62
47.62
47.62
47.62
47.62
47.62
47.62
47.62
47.62
47.62
47.62
47.62
47.62
47.62
47.62
47.62
47.62
47.62
47.62
47.62
47.62
47.62
47.62
47.62
47.62
900
900
900
900
47.62
47.62
47.62
47.62
47.62
47.62
47.62
47.62
47.62
47.62
47.62
47.62
47.62
47.62
47.62
47.62
47.62
47.62
47.62
47.62
47.62
47.62
47.62
47.62
47.62
47.62
47.62
47.62
47.62
47.62
47.62
900
900
900
900
47.62
47.62
47.62
47.62
47.62
47.62
47.62
47.62
47.62
47.62
47.62
47.62
47.62
47.62
47.62
47.62
47.62
47.62
47.62
47.62
47.62
47.62
47.62
47.62
47.62
47.62
47.62
47.62
47.62
47.62
47.62
900
900
900
900
47.62
47.62
47.62
47.62
47.62
47.62
47.62
47.62
47.62
47.62
47.62
47.62
47.62
47.62
47.62
47.62
47.62
47.62
47.62
47.62
47.62
47.62
47.62
47.62
47.62
47.62
47.62
47.62
47.62
47.62
47.62
900
900
900
900
47.62
47.62
47.62
47.62
47.62
47.62
47.62
47.62
47.62
47.62
47.62
47.62
47.62
47.62
47.62
47.62
47.62
47.62
47.62
47.62
47.62
47.62
47.62
47.62
47.62
47.62
47.62
47.62
47.62
47.62
47.62
900
900
900
900
47.62
47.62
47.62
47.62
47.62
47.62
47.62
47.62
47.62
47.62
47.62
47.62
47.62
47.62
47.62
47.62
47.62
47.62
47.62
47.62
47.62
47.62
47.62
47.62
47.62
47.62
47.62
47.62
47.62
47.62
47.62
900
900
900
900
900
900
900
900
900
900
900
900
900
900
900
900
900
900
900
900
900
900
900
900
900
900
900
900
900
900
900
900
900
900
900
900
900
900
900
900
900
900
900
900
900
900
900
900
900
900
900
900
900
900
900
900
900
900
900
900
900
900
900
900
900
900
900
900
900
900
900
900 

/

