   1       0.9062   0.6476   0.4210
   2       0.9050   0.6230   0.4114
   3       0.9097   0.6190   0.4094
   4       0.8684   0.6915   0.4930
   5       0.8663   0.7046   0.5113
   6       0.8786   0.6996   0.5031
   7       0.8137   0.7338   0.5399
   8       0.8309   0.7426   0.5288
   9       0.8278   0.7064   0.4706
  10       0.7912   0.7657   0.5236
  11       0.8156   0.7756   0.5541
  12       0.8282   0.7620   0.5209
  13       0.7488   0.8198   0.5639
  14       0.7375   0.8252   0.5861
  15       0.7505   0.8050   0.5510
  16       0.7179   0.8902   0.6495
  17       0.7053   0.8839   0.6523
  18       0.7037   0.8815   0.6553
  19       0.9206   0.6430   0.4178
  20       0.9318   0.6668   0.4401
  21       0.9341   0.6495   0.4325
  22       0.8863   0.7217   0.5187
  23       0.8992   0.6366   0.4414
  24       0.9039   0.5984   0.3961
  25       0.8510   0.7488   0.5447
  26       0.8548   0.7085   0.5182
  27       0.8503   0.6906   0.5140
  28       0.8029   0.7825   0.5431
  29       0.8020   0.7321   0.4898
  30       0.8146   0.7142   0.4742
  31       0.7661   0.8270   0.5785
  32       0.7660   0.8139   0.5964
  33       0.7530   0.8024   0.5941
  34       0.7182   0.8852   0.6443
  35       0.6992   0.8691   0.6284
  36       0.6998   0.8634   0.6202
  37       0.9271   0.6586   0.4316
  38       0.9288   0.6298   0.4033
  39       0.9294   0.6174   0.3904
  40       0.8695   0.7202   0.4910
  41       0.8775   0.6628   0.4193
  42       0.8556   0.6578   0.4101
  43       0.8490   0.7520   0.5201
  44       0.8507   0.6712   0.4200
  45       0.8493   0.6452   0.4088
  46       0.8033   0.7981   0.5444
  47       0.7642   0.7699   0.4899
  48       0.7420   0.7555   0.4723
  49       0.7800   0.8320   0.5802
  50       0.7695   0.8288   0.5538
  51       0.7505   0.8171   0.5323
  52       0.7149   0.8806   0.6363
  53       0.7108   0.8802   0.6363
  54       0.7225   0.8816   0.6382
  55       0.9092   0.6576   0.4196
  56       0.8928   0.6716   0.4176
  57       0.8874   0.6593   0.4110
  58       0.8403   0.6914   0.4916
  59       0.8306   0.7164   0.5276
  60       0.8403   0.7164   0.5115
  61       0.8136   0.7567   0.5335
  62       0.7770   0.7527   0.4977
  63       0.7522   0.7600   0.5080
  64       0.7751   0.7925   0.5437
  65       0.7810   0.8133   0.5706
  66       0.7898   0.8166   0.5764
  67       0.7519   0.8422   0.5881
  68       0.7343   0.8394   0.5834
  69       0.7120   0.8386   0.5865
  70       0.7160   0.8849   0.6410
  71       0.7087   0.8847   0.6435
  72       0.7143   0.8848   0.6488
