   -3.2134    -2.7216    -2.1704    -1.8427    -1.6935    -2.4867    -4.3561    -4.1609    -3.7752    -4.2011    -4.6420    -4.9761    -4.9637    -4.9266    -4.8054    -4.6078    -4.3987    -4.1910    -4.0144    -3.8560
   -3.2134    -2.7216    -2.1704    -1.8427    -1.6935    -2.4867    -4.3561    -4.1609    -3.7752    -4.2011    -4.6419    -4.9761    -4.9637    -4.9266    -4.8054    -4.6078    -4.3987    -4.1910    -4.0144    -3.8560
   -3.2134    -2.7216    -2.1704    -1.8427    -1.6935    -2.4867    -4.3561    -4.1609    -3.7752    -4.2011    -4.6419    -4.9761    -4.9637    -4.9266    -4.8054    -4.6078    -4.3987    -4.1910    -4.0144    -3.8560
   -1.0745    -2.7216    -2.1704    -1.8427    -1.6935    -2.4867    -4.3561    -4.1609    -3.7752    -4.2011    -4.6419    -4.9761    -4.9637    -4.9266    -4.8054    -4.6078    -4.3987    -4.1910    -4.0144    -3.8560
   -1.0255    -2.7216    -2.1704    -1.8427    -1.6935    -2.4867    -4.3561    -4.1609    -3.7752    -4.2011    -4.6419    -4.9761    -4.9637    -4.9266    -4.8054    -4.6078    -4.3987    -4.1910    -4.0144    -3.8560
   -1.0255    -2.7216    -2.1704    -1.8427    -1.6935    -2.4867    -4.3561    -4.1609    -3.7752    -4.2011    -4.6419    -4.9761    -4.9637    -4.9266    -4.8054    -4.6078    -4.3987    -4.1910    -4.0144    -3.8560
   -1.0255    -2.7216    -2.1704    -1.8427    -1.6935    -2.4867    -4.3561    -4.1609    -3.7752    -4.2011    -4.6419    -4.9761    -4.9637    -4.9266    -4.8054    -4.6078    -4.3987    -4.1910    -4.0144    -3.8560
   -1.0255    -2.7216    -2.1704    -1.8427    -1.6935    -2.4867    -4.3561    -4.1609    -3.7752    -4.2011    -4.6419    -4.9761    -4.9637    -4.9266    -4.8054    -4.6078    -4.3987    -4.1910    -4.0144    -3.8560
   -0.4443    -2.7216    -2.1704    -1.8427    -1.6935    -2.4867    -4.3561    -4.1609    -3.7752    -4.2011    -4.6419    -4.9761    -4.9637    -4.9266    -4.8054    -4.6078    -4.3987    -4.1910    -4.0144    -3.8560
   -0.4420    -2.7216    -2.1704    -1.8427    -1.6935    -2.4867    -4.3561    -4.1609    -3.7752    -4.2011    -4.6419    -4.9761    -4.9637    -4.9266    -4.8054    -4.6078    -4.3987    -4.1910    -4.0144    -3.8560
   -0.4420    -2.7216    -2.1704    -1.8427    -1.6935    -2.4867    -4.3561    -4.1609    -3.7752    -4.2011    -4.6419    -4.9761    -4.9637    -4.9266    -4.8054    -4.6078    -4.3987    -4.1910    -4.0144    -3.8560
   -0.4420    -2.7216    -2.1704    -1.8427    -1.6935    -2.4867    -4.3561    -4.1609    -3.7752    -4.2011    -4.6419    -4.9761    -4.9637    -4.9266    -4.8054    -4.6078    -4.3987    -4.1910    -4.0144    -3.8560
   -0.4420    -2.7216    -2.1704    -1.8427    -1.6935    -2.4867    -4.3561    -4.1609    -3.7752    -4.2011    -4.6419    -4.9761    -4.9637    -4.9266    -4.8054    -4.6078    -4.3987    -4.1910    -4.0144    -3.8560
   -0.4420    -2.7216    -2.1704    -1.8427    -1.6935    -2.4867    -4.3561    -4.1609    -3.7752    -4.2011    -4.6419    -4.9761    -4.9637    -4.9266    -4.8054    -4.6078    -4.3987    -4.1910    -4.0144    -3.8560
   -0.2262    -2.7216    -2.1704    -1.8427    -1.6935    -2.4867    -4.3561    -4.1609    -3.7752    -4.2011    -4.6419    -4.9761    -4.9637    -4.9266    -4.8054    -4.6078    -4.3987    -4.1910    -4.0144    -3.8560
   -0.2262    -2.7216    -2.1704    -1.8427    -1.6935    -2.4867    -4.3561    -4.1609    -3.7752    -4.2011    -4.6419    -4.9761    -4.9637    -4.9266    -4.8054    -4.6078    -4.3987    -4.1910    -4.0144    -3.8560
   -0.2262    -2.7216    -2.1704    -1.8427    -1.6935    -2.4867    -4.3561    -4.1609    -3.7752    -4.2011    -4.6419    -4.9761    -4.9637    -4.9266    -4.8054    -4.6078    -4.3987    -4.1910    -4.0144    -3.8560
   -0.0671    -2.7216    -2.1704    -1.8427    -1.6935    -2.4867    -4.3561    -4.1609    -3.7752    -4.2011    -4.6419    -4.9761    -4.9637    -4.9266    -4.8054    -4.6078    -4.3987    -4.1910    -4.0144    -3.8560
   -0.0343    -2.7216    -2.1704    -1.8427    -1.6935    -2.4867    -4.3561    -4.1609    -3.7752    -4.2011    -4.6419    -4.9761    -4.9637    -4.9266    -4.8054    -4.6078    -4.3987    -4.1910    -4.0144    -3.8560
   -0.0192    -2.7214    -2.1704    -1.8427    -1.6935    -2.4867    -4.3561    -4.1609    -3.7752    -4.2011    -4.6419    -4.9761    -4.9637    -4.9266    -4.8054    -4.6078    -4.3987    -4.1910    -4.0144    -3.8560
   -0.0185    -2.7208    -2.1704    -1.8427    -1.6935    -2.4867    -4.3561    -4.1609    -3.7752    -4.2011    -4.6419    -4.9761    -4.9637    -4.9266    -4.8054    -4.6078    -4.3987    -4.1910    -4.0144    -3.8560
   -0.0185    -2.7202    -2.1704    -1.8427    -1.6935    -2.4867    -4.3561    -4.1609    -3.7752    -4.2011    -4.6419    -4.9761    -4.9637    -4.9266    -4.8054    -4.6078    -4.3987    -4.1910    -4.0144    -3.8560
   -0.0129    -2.7195    -2.1704    -1.8427    -1.6935    -2.4867    -4.3561    -4.1609    -3.7752    -4.2011    -4.6419    -4.9761    -4.9637    -4.9266    -4.8054    -4.6078    -4.3987    -4.1910    -4.0144    -3.8560
   -0.0128    -2.7177    -2.1704    -1.8427    -1.6935    -2.4867    -4.3561    -4.1609    -3.7752    -4.2011    -4.6419    -4.9761    -4.9637    -4.9266    -4.8054    -4.6078    -4.3987    -4.1910    -4.0144    -3.8560
