Program:    MAESPA                                                                          
Control:    &control                                                                        
Trees:      Example trees file.                                                             
Structure:                                                                      Multispecies
Physiology:                                                                     Multispecies
Met data:   Example met file (Tumbarumba)                                                   
Water bal.: Example water balance parameters.                                               
                                                                                
DOY: simulation date
Tree: tree number
Spec: tree species number
absPAR:   absorbed PAR              MJ tree-1 d-1
absNIR:   absorbed NIR              MJ  tree-1 d-1
absTherm: absorbed thermal          MJ tree-1 d-1
totPs: gross photosynthesis         mol tree-1 d-1
totRf: daily foliar respiration     mol tree-1 d-1
netPs: photosyn. net of foliar resp   mol tree-1 d-1
totLE1: daily transpiration         mol H2O tree-1 d-1
totLE2: daily transpirn (CANOPY calc) mol H2O m-2 d-1
totH:  daily sensible heat flux     MJ tree-1 d-1
                                                                                
Columns: DOY Tree Spec absPAR absNIR absTherm totPs totRf netPs totLE1 totLE2 totH
      1  519    1       0.3171       0.0826       0.0921       0.0386       0.0026       0.0360       1.9688       0.2020       0.3482
      1  520    1       0.3108       0.0810       0.0925       0.0384       0.0026       0.0358       1.9341       0.2009       0.3420
      1  521    1       0.2947       0.0775       0.0927       0.0377       0.0026       0.0351       1.9070       0.1973       0.3237
      1  522    1       0.3133       0.0813       0.0928       0.0388       0.0026       0.0362       1.9275       0.2031       0.3452
      1  523    1       0.3097       0.0805       0.0929       0.0385       0.0026       0.0358       1.9242       0.2014       0.3410
      1  524    1       0.3072       0.0800       0.0928       0.0383       0.0026       0.0357       1.9286       0.2007       0.3378
      1  525    1       0.3081       0.0809       0.0919       0.0385       0.0026       0.0359       1.9099       0.2016       0.3400
      1  526    1       0.2999       0.0799       0.0832       0.0379       0.0026       0.0353       1.9353       0.1983       0.3244
      1  555    1       0.3235       0.0834       0.0928       0.0389       0.0026       0.0363       1.9565       0.2034       0.3562
      1  556    1       0.3160       0.0818       0.0929       0.0385       0.0026       0.0359       1.9402       0.2012       0.3479
      1  557    1       0.3336       0.0854       0.0929       0.0395       0.0026       0.0369       2.0295       0.2068       0.3650
      1  558    1       0.3453       0.0878       0.0929       0.0399       0.0026       0.0373       2.0468       0.2086       0.3784
      1  559    1       0.3375       0.0862       0.0929       0.0397       0.0026       0.0371       2.0072       0.2080       0.3708
      1  560    1       0.3344       0.0856       0.0929       0.0394       0.0026       0.0368       2.0070       0.2064       0.3670
      1  561    1       0.3260       0.0838       0.0929       0.0391       0.0026       0.0364       2.0197       0.2045       0.3564
      1  562    1       0.3138       0.0820       0.0917       0.0386       0.0026       0.0360       1.9633       0.2022       0.3443
      1  591    1       0.3116       0.0809       0.0929       0.0383       0.0026       0.0357       1.9097       0.2000       0.3439
      1  592    1       0.3410       0.0869       0.0929       0.0397       0.0026       0.0370       2.0395       0.2072       0.3735
      1  593    1       0.3385       0.0864       0.0929       0.0395       0.0026       0.0368       2.0333       0.2063       0.3708
      1  594    1       0.3447       0.0877       0.0929       0.0399       0.0026       0.0372       2.0492       0.2083       0.3776
      1  595    1       0.3398       0.0834       0.0554       0.0395       0.0026       0.0369       1.9479       0.2067       0.3480
      1  596    1       0.3341       0.0855       0.0929       0.0393       0.0026       0.0367       2.0274       0.2054       0.3657
      1  597    1       0.3270       0.0840       0.0929       0.0390       0.0026       0.0364       2.0138       0.2044       0.3578
      1  598    1       0.3183       0.0829       0.0893       0.0388       0.0026       0.0361       1.9852       0.2032       0.3472
      1  627    1       0.3389       0.0865       0.0929       0.0394       0.0026       0.0368       2.0236       0.2056       0.3717
      1  628    1       0.3435       0.0874       0.0929       0.0396       0.0026       0.0370       2.0062       0.2069       0.3780
      1  629    1       0.3439       0.0874       0.0924       0.0397       0.0026       0.0370       2.0591       0.2070       0.3757
      1  630    1       0.3598       0.0908       0.0929       0.0402       0.0026       0.0376       2.0727       0.2102       0.3947
      1  631    1       0.3498       0.0887       0.0929       0.0401       0.0026       0.0375       2.0564       0.2096       0.3834
      1  632    1       0.3485       0.0885       0.0929       0.0401       0.0026       0.0375       2.0507       0.2097       0.3821
      1  633    1       0.3473       0.0882       0.0929       0.0401       0.0026       0.0375       2.0712       0.2098       0.3797
      1  634    1       0.3378       0.0863       0.0928       0.0396       0.0026       0.0370       2.0370       0.2074       0.3699
      1  663    1       0.3227       0.0831       0.0929       0.0388       0.0026       0.0362       1.9720       0.2027       0.3545
      1  664    1       0.3427       0.0873       0.0929       0.0399       0.0026       0.0373       2.0171       0.2082       0.3766
      1  665    1       0.3575       0.0903       0.0929       0.0403       0.0026       0.0377       2.0779       0.2106       0.3917
      1  666    1       0.3471       0.0882       0.0929       0.0401       0.0026       0.0375       2.0689       0.2096       0.3796
      1  667    1       0.3616       0.0879       0.0554       0.0406       0.0026       0.0380       2.0247       0.2123       0.3709
      1  668    1       0.3489       0.0885       0.0929       0.0402       0.0026       0.0375       2.0776       0.2101       0.3814
      1  669    1       0.3480       0.0884       0.0929       0.0400       0.0026       0.0374       2.0521       0.2092       0.3815
      1  670    1       0.3064       0.0807       0.0911       0.0380       0.0026       0.0354       1.9697       0.1990       0.3350
      1  699    1       0.3265       0.0839       0.0929       0.0394       0.0026       0.0367       1.9814       0.2056       0.3587
      1  700    1       0.3565       0.0901       0.0929       0.0403       0.0026       0.0376       2.0711       0.2101       0.3908
      1  701    1       0.3744       0.0938       0.0929       0.0410       0.0026       0.0384       2.0796       0.2140       0.4121
      1  702    1       0.3479       0.0883       0.0927       0.0399       0.0026       0.0373       2.0751       0.2082       0.3801
      1  703    1       0.3684       0.0893       0.0554       0.0409       0.0026       0.0383       2.0306       0.2134       0.3789
      1  704    1       0.3428       0.0873       0.0929       0.0398       0.0026       0.0371       2.0078       0.2076       0.3772
      1  705    1       0.3341       0.0855       0.0929       0.0392       0.0026       0.0365       2.0325       0.2047       0.3655
      1  706    1       0.3162       0.0822       0.0924       0.0386       0.0026       0.0360       1.9702       0.2021       0.3469
      1  735    1       0.3410       0.0869       0.0929       0.0395       0.0026       0.0369       1.9946       0.2061       0.3756
      1  736    1       0.3433       0.0874       0.0929       0.0397       0.0026       0.0371       2.0169       0.2069       0.3774
      1  737    1       0.3520       0.0859       0.0554       0.0401       0.0026       0.0374       1.9628       0.2091       0.3621
      1  738    1       0.3581       0.0904       0.0929       0.0404       0.0026       0.0378       2.0782       0.2109       0.3925
      1  739    1       0.3623       0.0913       0.0929       0.0405       0.0026       0.0378       2.0799       0.2113       0.3974
      1  740    1       0.3356       0.0858       0.0929       0.0392       0.0026       0.0366       2.0283       0.2048       0.3676
      1  741    1       0.3341       0.0855       0.0929       0.0392       0.0026       0.0366       2.0113       0.2048       0.3665
      1  742    1       0.3153       0.0820       0.0924       0.0383       0.0026       0.0357       1.9699       0.2003       0.3458
      1  771    1       0.3278       0.0842       0.0929       0.0391       0.0026       0.0365       1.9616       0.2041       0.3611
      1  772    1       0.3281       0.0843       0.0929       0.0391       0.0026       0.0365       1.9798       0.2042       0.3607
      1  773    1       0.3417       0.0871       0.0929       0.0396       0.0026       0.0370       2.0299       0.2068       0.3749
      1  774    1       0.3453       0.0878       0.0929       0.0397       0.0026       0.0371       2.0411       0.2073       0.3786
      1  775    1       0.3389       0.0865       0.0929       0.0394       0.0026       0.0368       2.0115       0.2055       0.3723
      1  776    1       0.3248       0.0836       0.0929       0.0389       0.0026       0.0363       1.9729       0.2034       0.3570
      1  777    1       0.3098       0.0809       0.0921       0.0381       0.0026       0.0355       1.9731       0.1993       0.3388
      1  778    1       0.3129       0.0812       0.0928       0.0382       0.0026       0.0356       1.9284       0.1998       0.3447
