   -0.0077    -0.0077    -0.0077    -0.0077    -0.0077    -0.0077    -0.0077    -0.0077    -0.0077    -0.0077    -0.0077    -0.0077    -0.0077    -0.0077    -0.0077    -0.0077    -0.0077    -0.0077    -0.0077    -0.0077
   -0.0077    -0.0077    -0.0077    -0.0077    -0.0077    -0.0077    -0.0077    -0.0077    -0.0077    -0.0077    -0.0077    -0.0077    -0.0077    -0.0077    -0.0077    -0.0077    -0.0077    -0.0077    -0.0077    -0.0077
   -0.0077    -0.0077    -0.0077    -0.0077    -0.0077    -0.0077    -0.0077    -0.0077    -0.0077    -0.0077    -0.0077    -0.0077    -0.0077    -0.0077    -0.0077    -0.0077    -0.0077    -0.0077    -0.0077    -0.0077
   -0.0077    -0.0077    -0.0077    -0.0077    -0.0077    -0.0077    -0.0077    -0.0077    -0.0077    -0.0077    -0.0077    -0.0077    -0.0077    -0.0077    -0.0077    -0.0077    -0.0077    -0.0077    -0.0077    -0.0077
   -0.0077    -0.0077    -0.0077    -0.0077    -0.0077    -0.0077    -0.0077    -0.0077    -0.0077    -0.0077    -0.0077    -0.0077    -0.0077    -0.0077    -0.0077    -0.0077    -0.0077    -0.0077    -0.0077    -0.0077
   -0.0077    -0.0077    -0.0077    -0.0077    -0.0077    -0.0077    -0.0077    -0.0077    -0.0077    -0.0077    -0.0077    -0.0077    -0.0077    -0.0077    -0.0077    -0.0077    -0.0077    -0.0077    -0.0077    -0.0077
   -0.0078    -0.0077    -0.0077    -0.0077    -0.0077    -0.0077    -0.0077    -0.0077    -0.0077    -0.0077    -0.0077    -0.0077    -0.0077    -0.0077    -0.0077    -0.0077    -0.0077    -0.0077    -0.0077    -0.0077
   -0.0078    -0.0077    -0.0077    -0.0077    -0.0077    -0.0077    -0.0077    -0.0077    -0.0077    -0.0077    -0.0077    -0.0077    -0.0077    -0.0077    -0.0077    -0.0077    -0.0077    -0.0077    -0.0077    -0.0077
   -0.0078    -0.0077    -0.0077    -0.0077    -0.0077    -0.0077    -0.0077    -0.0077    -0.0077    -0.0077    -0.0077    -0.0077    -0.0077    -0.0077    -0.0077    -0.0077    -0.0077    -0.0077    -0.0077    -0.0077
   -0.0078    -0.0077    -0.0077    -0.0077    -0.0077    -0.0077    -0.0077    -0.0077    -0.0077    -0.0077    -0.0077    -0.0077    -0.0077    -0.0077    -0.0077    -0.0077    -0.0077    -0.0077    -0.0077    -0.0077
   -0.0078    -0.0077    -0.0077    -0.0077    -0.0077    -0.0077    -0.0077    -0.0077    -0.0077    -0.0077    -0.0077    -0.0077    -0.0077    -0.0077    -0.0077    -0.0077    -0.0077    -0.0077    -0.0077    -0.0077
   -0.0078    -0.0077    -0.0077    -0.0077    -0.0077    -0.0077    -0.0077    -0.0077    -0.0077    -0.0077    -0.0077    -0.0077    -0.0077    -0.0077    -0.0077    -0.0077    -0.0077    -0.0077    -0.0077    -0.0077
   -0.0078    -0.0077    -0.0077    -0.0077    -0.0077    -0.0077    -0.0077    -0.0077    -0.0077    -0.0077    -0.0077    -0.0077    -0.0077    -0.0077    -0.0077    -0.0077    -0.0077    -0.0077    -0.0077    -0.0077
   -0.0078    -0.0077    -0.0077    -0.0077    -0.0077    -0.0077    -0.0077    -0.0077    -0.0077    -0.0077    -0.0077    -0.0077    -0.0077    -0.0077    -0.0077    -0.0077    -0.0077    -0.0077    -0.0077    -0.0077
   -0.0078    -0.0077    -0.0077    -0.0077    -0.0077    -0.0077    -0.0077    -0.0077    -0.0077    -0.0077    -0.0077    -0.0077    -0.0077    -0.0077    -0.0077    -0.0077    -0.0077    -0.0077    -0.0077    -0.0077
   -0.0078    -0.0077    -0.0077    -0.0077    -0.0077    -0.0077    -0.0077    -0.0077    -0.0077    -0.0077    -0.0077    -0.0077    -0.0077    -0.0077    -0.0077    -0.0077    -0.0077    -0.0077    -0.0077    -0.0077
   -0.0078    -0.0077    -0.0077    -0.0077    -0.0077    -0.0077    -0.0077    -0.0077    -0.0077    -0.0077    -0.0077    -0.0077    -0.0077    -0.0077    -0.0077    -0.0077    -0.0077    -0.0077    -0.0077    -0.0077
   -0.0078    -0.0077    -0.0077    -0.0077    -0.0077    -0.0077    -0.0077    -0.0077    -0.0077    -0.0077    -0.0077    -0.0077    -0.0077    -0.0077    -0.0077    -0.0077    -0.0077    -0.0077    -0.0077    -0.0077
   -0.0078    -0.0077    -0.0077    -0.0077    -0.0077    -0.0077    -0.0077    -0.0077    -0.0077    -0.0077    -0.0077    -0.0077    -0.0077    -0.0077    -0.0077    -0.0077    -0.0077    -0.0077    -0.0077    -0.0077
   -0.0078    -0.0077    -0.0077    -0.0077    -0.0077    -0.0077    -0.0077    -0.0077    -0.0077    -0.0077    -0.0077    -0.0077    -0.0077    -0.0077    -0.0077    -0.0077    -0.0077    -0.0077    -0.0077    -0.0077
   -0.0078    -0.0077    -0.0077    -0.0077    -0.0077    -0.0077    -0.0077    -0.0077    -0.0077    -0.0077    -0.0077    -0.0077    -0.0077    -0.0077    -0.0077    -0.0077    -0.0077    -0.0077    -0.0077    -0.0077
   -0.0049    -0.0077    -0.0077    -0.0077    -0.0077    -0.0077    -0.0077    -0.0077    -0.0077    -0.0077    -0.0077    -0.0077    -0.0077    -0.0077    -0.0077    -0.0077    -0.0077    -0.0077    -0.0077    -0.0077
   -0.0047    -0.0077    -0.0077    -0.0077    -0.0077    -0.0077    -0.0077    -0.0077    -0.0077    -0.0077    -0.0077    -0.0077    -0.0077    -0.0077    -0.0077    -0.0077    -0.0077    -0.0077    -0.0077    -0.0077
   -0.0048    -0.0077    -0.0077    -0.0077    -0.0077    -0.0077    -0.0077    -0.0077    -0.0077    -0.0077    -0.0077    -0.0077    -0.0077    -0.0077    -0.0077    -0.0077    -0.0077    -0.0077    -0.0077    -0.0077
