Program:    MAESPA                                                                          
Control:    &control                                                                        
Trees:      Example trees file.                                                             
Structure:                                                                      Multispecies
Physiology:                                                                     Multispecies
Met data:   Example met file (Tumbarumba)                                                   
Water bal.: Example water balance parameters.                                               
                                                                                
DOY: simulation date
Tree: tree number
Spec: tree species number
absPAR:   absorbed PAR              MJ tree-1 d-1
absNIR:   absorbed NIR              MJ  tree-1 d-1
absTherm: absorbed thermal          MJ tree-1 d-1
totPs: gross photosynthesis         mol tree-1 d-1
totRf: daily foliar respiration     mol tree-1 d-1
netPs: photosyn. net of foliar resp   mol tree-1 d-1
totLE1: daily transpiration         mol H2O tree-1 d-1
totLE2: daily transpirn (CANOPY calc) mol H2O m-2 d-1
totH:  daily sensible heat flux     MJ tree-1 d-1
                                                                                
Columns: DOY Tree Spec absPAR absNIR absTherm totPs totRf netPs totLE1 totLE2 totH
      1  519    1       0.5143       0.1228       0.0748       0.0452       0.0026       0.0426       2.3534       0.2354       0.5572
      1  520    1       0.5090       0.1217       0.0748       0.0452       0.0026       0.0426       2.3204       0.2352       0.5523
      1  521    1       0.5241       0.1248       0.0748       0.0454       0.0026       0.0428       2.3580       0.2364       0.5689
      1  522    1       0.5139       0.1227       0.0748       0.0452       0.0026       0.0426       2.3595       0.2352       0.5565
      1  523    1       0.5129       0.1225       0.0748       0.0452       0.0026       0.0426       2.3541       0.2353       0.5555
      1  524    1       0.5195       0.1238       0.0748       0.0454       0.0026       0.0427       2.3626       0.2361       0.5631
      1  525    1       0.5319       0.1264       0.0748       0.0456       0.0026       0.0430       2.3793       0.2373       0.5773
      1  526    1       0.5318       0.1264       0.0748       0.0456       0.0026       0.0430       2.4041       0.2372       0.5760
      1  555    1       0.5143       0.1227       0.0748       0.0452       0.0026       0.0426       2.3634       0.2354       0.5567
      1  556    1       0.5204       0.1240       0.0748       0.0453       0.0026       0.0427       2.3512       0.2357       0.5646
      1  557    1       0.5250       0.1188       0.0579       0.0454       0.0026       0.0427       2.3166       0.2359       0.5530
      1  558    1       0.5276       0.1255       0.0748       0.0455       0.0026       0.0429       2.3576       0.2369       0.5731
      1  559    1       0.5242       0.1187       0.0579       0.0455       0.0026       0.0428       2.3131       0.2365       0.5522
      1  560    1       0.5416       0.1223       0.0579       0.0458       0.0026       0.0432       2.3269       0.2383       0.5726
      1  561    1       0.5329       0.1266       0.0748       0.0456       0.0026       0.0430       2.3709       0.2374       0.5789
      1  562    1       0.5326       0.1265       0.0748       0.0456       0.0026       0.0430       2.3996       0.2372       0.5772
      1  591    1       0.5156       0.1230       0.0748       0.0452       0.0026       0.0426       2.3452       0.2350       0.5591
      1  592    1       0.5179       0.1235       0.0748       0.0452       0.0026       0.0426       2.3331       0.2352       0.5624
      1  593    1       0.5303       0.1199       0.0579       0.0456       0.0026       0.0430       2.3317       0.2371       0.5587
      1  594    1       0.5362       0.1246       0.0770       0.0457       0.0026       0.0431       2.3518       0.2377       0.5816
      1  595    1       0.5301       0.1199       0.0579       0.0456       0.0026       0.0430       2.3154       0.2371       0.5592
      1  596    1       0.5143       0.1226       0.0749       0.0452       0.0026       0.0426       2.3438       0.2354       0.5576
      1  597    1       0.5300       0.1199       0.0579       0.0455       0.0026       0.0429       2.3467       0.2370       0.5577
      1  598    1       0.5115       0.1222       0.0748       0.0451       0.0026       0.0425       2.3666       0.2349       0.5532
      1  627    1       0.4995       0.1197       0.0748       0.0449       0.0026       0.0423       2.3082       0.2337       0.5414
      1  628    1       0.5283       0.1195       0.0579       0.0455       0.0026       0.0429       2.3156       0.2368       0.5570
      1  629    1       0.5414       0.1240       0.0677       0.0458       0.0026       0.0432       2.3539       0.2383       0.5796
      1  630    1       0.5364       0.1248       0.0777       0.0457       0.0026       0.0431       2.3580       0.2377       0.5822
      1  631    1       0.5311       0.1237       0.0777       0.0456       0.0026       0.0430       2.3486       0.2372       0.5762
      1  632    1       0.5432       0.1252       0.0721       0.0458       0.0026       0.0432       2.3523       0.2384       0.5857
      1  633    1       0.5237       0.1186       0.0579       0.0454       0.0026       0.0428       2.3262       0.2363       0.5510
      1  634    1       0.5007       0.1201       0.0760       0.0449       0.0026       0.0423       2.3473       0.2336       0.5421
      1  663    1       0.5060       0.1211       0.0748       0.0450       0.0026       0.0424       2.3535       0.2342       0.5472
      1  664    1       0.5211       0.1180       0.0579       0.0454       0.0026       0.0428       2.3384       0.2361       0.5473
      1  665    1       0.5355       0.1246       0.0777       0.0457       0.0026       0.0431       2.3616       0.2377       0.5809
      1  666    1       0.5329       0.1231       0.0726       0.0456       0.0026       0.0430       2.3547       0.2374       0.5736
      1  667    1       0.5214       0.1206       0.0718       0.0454       0.0026       0.0427       2.3229       0.2361       0.5604
      1  668    1       0.5379       0.1215       0.0579       0.0457       0.0026       0.0431       2.3448       0.2378       0.5673
      1  669    1       0.5207       0.1241       0.0748       0.0454       0.0026       0.0427       2.3582       0.2361       0.5647
      1  670    1       0.5128       0.1225       0.0748       0.0452       0.0026       0.0425       2.3605       0.2350       0.5551
      1  699    1       0.5130       0.1225       0.0748       0.0452       0.0026       0.0426       2.3494       0.2352       0.5559
      1  700    1       0.5165       0.1231       0.0749       0.0452       0.0026       0.0426       2.3585       0.2354       0.5595
      1  701    1       0.5411       0.1222       0.0579       0.0458       0.0026       0.0431       2.3488       0.2380       0.5710
      1  702    1       0.5318       0.1220       0.0677       0.0456       0.0026       0.0430       2.3529       0.2372       0.5680
      1  703    1       0.5372       0.1214       0.0579       0.0457       0.0026       0.0431       2.3507       0.2377       0.5662
      1  704    1       0.5290       0.1197       0.0579       0.0455       0.0026       0.0429       2.3388       0.2369       0.5568
      1  705    1       0.5233       0.1220       0.0773       0.0454       0.0026       0.0428       2.3578       0.2363       0.5660
      1  706    1       0.5227       0.1245       0.0748       0.0454       0.0026       0.0428       2.3720       0.2363       0.5665
      1  735    1       0.4978       0.1193       0.0748       0.0447       0.0026       0.0421       2.3270       0.2326       0.5384
      1  736    1       0.5051       0.1148       0.0579       0.0449       0.0026       0.0423       2.2877       0.2338       0.5303
      1  737    1       0.5396       0.1280       0.0748       0.0458       0.0026       0.0432       2.3743       0.2381       0.5868
      1  738    1       0.5399       0.1219       0.0579       0.0458       0.0026       0.0431       2.3456       0.2380       0.5697
      1  739    1       0.5342       0.1208       0.0579       0.0456       0.0026       0.0430       2.3539       0.2374       0.5625
      1  740    1       0.5150       0.1229       0.0748       0.0452       0.0026       0.0426       2.3577       0.2354       0.5578
      1  741    1       0.5193       0.1177       0.0579       0.0453       0.0026       0.0427       2.3253       0.2359       0.5457
      1  742    1       0.5161       0.1231       0.0748       0.0452       0.0026       0.0426       2.3525       0.2354       0.5594
      1  771    1       0.4982       0.1194       0.0748       0.0448       0.0026       0.0422       2.3284       0.2330       0.5389
      1  772    1       0.4922       0.1182       0.0748       0.0447       0.0026       0.0421       2.3210       0.2328       0.5320
      1  773    1       0.5170       0.1233       0.0748       0.0453       0.0026       0.0427       2.3584       0.2356       0.5603
      1  774    1       0.5138       0.1227       0.0748       0.0451       0.0026       0.0425       2.3604       0.2346       0.5563
      1  775    1       0.5150       0.1229       0.0748       0.0452       0.0026       0.0426       2.3610       0.2353       0.5577
      1  776    1       0.5168       0.1172       0.0579       0.0453       0.0026       0.0426       2.3098       0.2355       0.5434
      1  777    1       0.4948       0.1187       0.0748       0.0446       0.0026       0.0420       2.3429       0.2323       0.5342
      1  778    1       0.5035       0.1206       0.0754       0.0449       0.0026       0.0423       2.3520       0.2335       0.5447
