   -0.0298    -0.0253    -0.0201    -0.0171    -0.0157    -0.0231    -0.0404    -0.0386    -0.0350    -0.0390    -0.0431    -0.0462    -0.0461    -0.0457    -0.0446    -0.0428    -0.0408    -0.0389    -0.0372    -0.0358
   -0.0200    -0.0253    -0.0201    -0.0171    -0.0157    -0.0231    -0.0404    -0.0386    -0.0350    -0.0390    -0.0431    -0.0462    -0.0461    -0.0457    -0.0446    -0.0428    -0.0408    -0.0389    -0.0372    -0.0358
   -0.0124    -0.0253    -0.0201    -0.0171    -0.0157    -0.0231    -0.0404    -0.0386    -0.0350    -0.0390    -0.0431    -0.0462    -0.0461    -0.0457    -0.0446    -0.0428    -0.0408    -0.0389    -0.0372    -0.0358
   -0.0077    -0.0252    -0.0201    -0.0171    -0.0157    -0.0231    -0.0404    -0.0386    -0.0350    -0.0390    -0.0431    -0.0462    -0.0461    -0.0457    -0.0446    -0.0428    -0.0408    -0.0389    -0.0372    -0.0358
   -0.0050    -0.0252    -0.0201    -0.0171    -0.0157    -0.0231    -0.0404    -0.0386    -0.0350    -0.0390    -0.0431    -0.0462    -0.0461    -0.0457    -0.0446    -0.0428    -0.0408    -0.0389    -0.0372    -0.0358
   -0.0034    -0.0252    -0.0201    -0.0171    -0.0157    -0.0231    -0.0404    -0.0386    -0.0350    -0.0390    -0.0431    -0.0462    -0.0461    -0.0457    -0.0446    -0.0428    -0.0408    -0.0389    -0.0372    -0.0358
   -0.0024    -0.0250    -0.0201    -0.0171    -0.0157    -0.0231    -0.0404    -0.0386    -0.0350    -0.0390    -0.0431    -0.0462    -0.0461    -0.0457    -0.0446    -0.0428    -0.0408    -0.0389    -0.0372    -0.0358
   -0.0018    -0.0245    -0.0201    -0.0171    -0.0157    -0.0231    -0.0404    -0.0386    -0.0350    -0.0390    -0.0431    -0.0462    -0.0461    -0.0457    -0.0446    -0.0428    -0.0408    -0.0389    -0.0372    -0.0358
   -0.0013    -0.0234    -0.0201    -0.0171    -0.0157    -0.0231    -0.0404    -0.0386    -0.0350    -0.0390    -0.0431    -0.0462    -0.0461    -0.0457    -0.0446    -0.0428    -0.0408    -0.0389    -0.0372    -0.0358
   -0.0011    -0.0213    -0.0201    -0.0171    -0.0157    -0.0231    -0.0404    -0.0386    -0.0350    -0.0390    -0.0431    -0.0462    -0.0461    -0.0457    -0.0446    -0.0428    -0.0408    -0.0389    -0.0372    -0.0358
   -0.0009    -0.0182    -0.0201    -0.0171    -0.0157    -0.0231    -0.0404    -0.0386    -0.0350    -0.0390    -0.0431    -0.0462    -0.0461    -0.0457    -0.0446    -0.0428    -0.0408    -0.0389    -0.0372    -0.0358
   -0.0008    -0.0145    -0.0201    -0.0171    -0.0157    -0.0231    -0.0404    -0.0386    -0.0350    -0.0390    -0.0431    -0.0462    -0.0461    -0.0457    -0.0446    -0.0428    -0.0408    -0.0389    -0.0372    -0.0358
   -0.0007    -0.0110    -0.0201    -0.0171    -0.0157    -0.0230    -0.0404    -0.0386    -0.0350    -0.0390    -0.0431    -0.0462    -0.0461    -0.0457    -0.0446    -0.0428    -0.0408    -0.0389    -0.0372    -0.0358
   -0.0007    -0.0081    -0.0201    -0.0171    -0.0157    -0.0230    -0.0404    -0.0386    -0.0350    -0.0390    -0.0431    -0.0462    -0.0461    -0.0457    -0.0446    -0.0428    -0.0408    -0.0389    -0.0372    -0.0358
   -0.0007    -0.0059    -0.0201    -0.0171    -0.0157    -0.0230    -0.0404    -0.0386    -0.0350    -0.0390    -0.0431    -0.0462    -0.0461    -0.0457    -0.0446    -0.0428    -0.0408    -0.0389    -0.0372    -0.0358
   -0.0007    -0.0043    -0.0201    -0.0171    -0.0157    -0.0230    -0.0404    -0.0386    -0.0350    -0.0390    -0.0431    -0.0462    -0.0461    -0.0457    -0.0446    -0.0428    -0.0408    -0.0389    -0.0372    -0.0358
   -0.0007    -0.0031    -0.0200    -0.0171    -0.0157    -0.0230    -0.0404    -0.0386    -0.0350    -0.0390    -0.0431    -0.0462    -0.0461    -0.0457    -0.0446    -0.0428    -0.0408    -0.0389    -0.0372    -0.0358
   -0.0006    -0.0023    -0.0198    -0.0171    -0.0157    -0.0230    -0.0404    -0.0386    -0.0350    -0.0390    -0.0431    -0.0462    -0.0461    -0.0457    -0.0446    -0.0428    -0.0408    -0.0389    -0.0372    -0.0358
   -0.0006    -0.0018    -0.0194    -0.0171    -0.0157    -0.0230    -0.0404    -0.0386    -0.0350    -0.0390    -0.0431    -0.0462    -0.0461    -0.0457    -0.0446    -0.0428    -0.0408    -0.0389    -0.0372    -0.0358
   -0.0006    -0.0014    -0.0186    -0.0171    -0.0157    -0.0230    -0.0404    -0.0386    -0.0350    -0.0390    -0.0431    -0.0462    -0.0461    -0.0457    -0.0446    -0.0428    -0.0408    -0.0389    -0.0372    -0.0358
   -0.0006    -0.0011    -0.0171    -0.0171    -0.0157    -0.0230    -0.0404    -0.0386    -0.0350    -0.0390    -0.0431    -0.0462    -0.0461    -0.0457    -0.0446    -0.0428    -0.0408    -0.0389    -0.0372    -0.0358
   -0.0006    -0.0009    -0.0148    -0.0171    -0.0157    -0.0230    -0.0404    -0.0386    -0.0350    -0.0390    -0.0431    -0.0462    -0.0461    -0.0457    -0.0446    -0.0428    -0.0408    -0.0389    -0.0372    -0.0358
   -0.0006    -0.0008    -0.0118    -0.0171    -0.0157    -0.0230    -0.0404    -0.0386    -0.0350    -0.0390    -0.0431    -0.0462    -0.0461    -0.0457    -0.0446    -0.0428    -0.0408    -0.0389    -0.0372    -0.0358
   -0.0006    -0.0007    -0.0088    -0.0171    -0.0157    -0.0230    -0.0404    -0.0386    -0.0350    -0.0390    -0.0431    -0.0462    -0.0461    -0.0457    -0.0446    -0.0428    -0.0408    -0.0389    -0.0372    -0.0358
