Example trees file.

&plot
x0 = 0
y0 = 0
xmax = 196
ymax = 196
xslope = 0
yslope = 0
bearing = 45
notrees = 1296
shadeht = 20
/

&aerodyn
zht	=	30
zpd	=	16
z0ht	=	3
/

&xy
xycoords = 0 0
0 5.6
0 11.2
0 16.8
0 22.4
0 28
0 33.6
0 39.2
0 44.8
0 50.4
0 56
0 61.6
0 67.2
0 72.8
0 78.4
0 84
0 89.6
0 95.2
0 100.8
0 106.4
0 112
0 117.6
0 123.2
0 128.8
0 134.4
0 140
0 145.6
0 151.2
0 156.8
0 162.4
0 168
0 173.6
0 179.2
0 184.8
0 190.4
0 196
5.6 0
5.6 5.6
5.6 11.2
5.6 16.8
5.6 22.4
5.6 28
5.6 33.6
5.6 39.2
5.6 44.8
5.6 50.4
5.6 56
5.6 61.6
5.6 67.2
5.6 72.8
5.6 78.4
5.6 84
5.6 89.6
5.6 95.2
5.6 100.8
5.6 106.4
5.6 112
5.6 117.6
5.6 123.2
5.6 128.8
5.6 134.4
5.6 140
5.6 145.6
5.6 151.2
5.6 156.8
5.6 162.4
5.6 168
5.6 173.6
5.6 179.2
5.6 184.8
5.6 190.4
5.6 196
11.2 0
11.2 5.6
11.2 11.2
11.2 16.8
11.2 22.4
11.2 28
11.2 33.6
11.2 39.2
11.2 44.8
11.2 50.4
11.2 56
11.2 61.6
11.2 67.2
11.2 72.8
11.2 78.4
11.2 84
11.2 89.6
11.2 95.2
11.2 100.8
11.2 106.4
11.2 112
11.2 117.6
11.2 123.2
11.2 128.8
11.2 134.4
11.2 140
11.2 145.6
11.2 151.2
11.2 156.8
11.2 162.4
11.2 168
11.2 173.6
11.2 179.2
11.2 184.8
11.2 190.4
11.2 196
16.8 0
16.8 5.6
16.8 11.2
16.8 16.8
16.8 22.4
16.8 28
16.8 33.6
16.8 39.2
16.8 44.8
16.8 50.4
16.8 56
16.8 61.6
16.8 67.2
16.8 72.8
16.8 78.4
16.8 84
16.8 89.6
16.8 95.2
16.8 100.8
16.8 106.4
16.8 112
16.8 117.6
16.8 123.2
16.8 128.8
16.8 134.4
16.8 140
16.8 145.6
16.8 151.2
16.8 156.8
16.8 162.4
16.8 168
16.8 173.6
16.8 179.2
16.8 184.8
16.8 190.4
16.8 196
22.4 0
22.4 5.6
22.4 11.2
22.4 16.8
22.4 22.4
22.4 28
22.4 33.6
22.4 39.2
22.4 44.8
22.4 50.4
22.4 56
22.4 61.6
22.4 67.2
22.4 72.8
22.4 78.4
22.4 84
22.4 89.6
22.4 95.2
22.4 100.8
22.4 106.4
22.4 112
22.4 117.6
22.4 123.2
22.4 128.8
22.4 134.4
22.4 140
22.4 145.6
22.4 151.2
22.4 156.8
22.4 162.4
22.4 168
22.4 173.6
22.4 179.2
22.4 184.8
22.4 190.4
22.4 196
28 0
28 5.6
28 11.2
28 16.8
28 22.4
28 28
28 33.6
28 39.2
28 44.8
28 50.4
28 56
28 61.6
28 67.2
28 72.8
28 78.4
28 84
28 89.6
28 95.2
28 100.8
28 106.4
28 112
28 117.6
28 123.2
28 128.8
28 134.4
28 140
28 145.6
28 151.2
28 156.8
28 162.4
28 168
28 173.6
28 179.2
28 184.8
28 190.4
28 196
33.6 0
33.6 5.6
33.6 11.2
33.6 16.8
33.6 22.4
33.6 28
33.6 33.6
33.6 39.2
33.6 44.8
33.6 50.4
33.6 56
33.6 61.6
33.6 67.2
33.6 72.8
33.6 78.4
33.6 84
33.6 89.6
33.6 95.2
33.6 100.8
33.6 106.4
33.6 112
33.6 117.6
33.6 123.2
33.6 128.8
33.6 134.4
33.6 140
33.6 145.6
33.6 151.2
33.6 156.8
33.6 162.4
33.6 168
33.6 173.6
33.6 179.2
33.6 184.8
33.6 190.4
33.6 196
39.2 0
39.2 5.6
39.2 11.2
39.2 16.8
39.2 22.4
39.2 28
39.2 33.6
39.2 39.2
39.2 44.8
39.2 50.4
39.2 56
39.2 61.6
39.2 67.2
39.2 72.8
39.2 78.4
39.2 84
39.2 89.6
39.2 95.2
39.2 100.8
39.2 106.4
39.2 112
39.2 117.6
39.2 123.2
39.2 128.8
39.2 134.4
39.2 140
39.2 145.6
39.2 151.2
39.2 156.8
39.2 162.4
39.2 168
39.2 173.6
39.2 179.2
39.2 184.8
39.2 190.4
39.2 196
44.8 0
44.8 5.6
44.8 11.2
44.8 16.8
44.8 22.4
44.8 28
44.8 33.6
44.8 39.2
44.8 44.8
44.8 50.4
44.8 56
44.8 61.6
44.8 67.2
44.8 72.8
44.8 78.4
44.8 84
44.8 89.6
44.8 95.2
44.8 100.8
44.8 106.4
44.8 112
44.8 117.6
44.8 123.2
44.8 128.8
44.8 134.4
44.8 140
44.8 145.6
44.8 151.2
44.8 156.8
44.8 162.4
44.8 168
44.8 173.6
44.8 179.2
44.8 184.8
44.8 190.4
44.8 196
50.4 0
50.4 5.6
50.4 11.2
50.4 16.8
50.4 22.4
50.4 28
50.4 33.6
50.4 39.2
50.4 44.8
50.4 50.4
50.4 56
50.4 61.6
50.4 67.2
50.4 72.8
50.4 78.4
50.4 84
50.4 89.6
50.4 95.2
50.4 100.8
50.4 106.4
50.4 112
50.4 117.6
50.4 123.2
50.4 128.8
50.4 134.4
50.4 140
50.4 145.6
50.4 151.2
50.4 156.8
50.4 162.4
50.4 168
50.4 173.6
50.4 179.2
50.4 184.8
50.4 190.4
50.4 196
56 0
56 5.6
56 11.2
56 16.8
56 22.4
56 28
56 33.6
56 39.2
56 44.8
56 50.4
56 56
56 61.6
56 67.2
56 72.8
56 78.4
56 84
56 89.6
56 95.2
56 100.8
56 106.4
56 112
56 117.6
56 123.2
56 128.8
56 134.4
56 140
56 145.6
56 151.2
56 156.8
56 162.4
56 168
56 173.6
56 179.2
56 184.8
56 190.4
56 196
61.6 0
61.6 5.6
61.6 11.2
61.6 16.8
61.6 22.4
61.6 28
61.6 33.6
61.6 39.2
61.6 44.8
61.6 50.4
61.6 56
61.6 61.6
61.6 67.2
61.6 72.8
61.6 78.4
61.6 84
61.6 89.6
61.6 95.2
61.6 100.8
61.6 106.4
61.6 112
61.6 117.6
61.6 123.2
61.6 128.8
61.6 134.4
61.6 140
61.6 145.6
61.6 151.2
61.6 156.8
61.6 162.4
61.6 168
61.6 173.6
61.6 179.2
61.6 184.8
61.6 190.4
61.6 196
67.2 0
67.2 5.6
67.2 11.2
67.2 16.8
67.2 22.4
67.2 28
67.2 33.6
67.2 39.2
67.2 44.8
67.2 50.4
67.2 56
67.2 61.6
67.2 67.2
67.2 72.8
67.2 78.4
67.2 84
67.2 89.6
67.2 95.2
67.2 100.8
67.2 106.4
67.2 112
67.2 117.6
67.2 123.2
67.2 128.8
67.2 134.4
67.2 140
67.2 145.6
67.2 151.2
67.2 156.8
67.2 162.4
67.2 168
67.2 173.6
67.2 179.2
67.2 184.8
67.2 190.4
67.2 196
72.8 0
72.8 5.6
72.8 11.2
72.8 16.8
72.8 22.4
72.8 28
72.8 33.6
72.8 39.2
72.8 44.8
72.8 50.4
72.8 56
72.8 61.6
72.8 67.2
72.8 72.8
72.8 78.4
72.8 84
72.8 89.6
72.8 95.2
72.8 100.8
72.8 106.4
72.8 112
72.8 117.6
72.8 123.2
72.8 128.8
72.8 134.4
72.8 140
72.8 145.6
72.8 151.2
72.8 156.8
72.8 162.4
72.8 168
72.8 173.6
72.8 179.2
72.8 184.8
72.8 190.4
72.8 196
78.4 0
78.4 5.6
78.4 11.2
78.4 16.8
78.4 22.4
78.4 28
78.4 33.6
78.4 39.2
78.4 44.8
78.4 50.4
78.4 56
78.4 61.6
78.4 67.2
78.4 72.8
78.4 78.4
78.4 84
78.4 89.6
78.4 95.2
78.4 100.8
78.4 106.4
78.4 112
78.4 117.6
78.4 123.2
78.4 128.8
78.4 134.4
78.4 140
78.4 145.6
78.4 151.2
78.4 156.8
78.4 162.4
78.4 168
78.4 173.6
78.4 179.2
78.4 184.8
78.4 190.4
78.4 196
84 0
84 5.6
84 11.2
84 16.8
84 22.4
84 28
84 33.6
84 39.2
84 44.8
84 50.4
84 56
84 61.6
84 67.2
84 72.8
84 78.4
84 84
84 89.6
84 95.2
84 100.8
84 106.4
84 112
84 117.6
84 123.2
84 128.8
84 134.4
84 140
84 145.6
84 151.2
84 156.8
84 162.4
84 168
84 173.6
84 179.2
84 184.8
84 190.4
84 196
89.6 0
89.6 5.6
89.6 11.2
89.6 16.8
89.6 22.4
89.6 28
89.6 33.6
89.6 39.2
89.6 44.8
89.6 50.4
89.6 56
89.6 61.6
89.6 67.2
89.6 72.8
89.6 78.4
89.6 84
89.6 89.6
89.6 95.2
89.6 100.8
89.6 106.4
89.6 112
89.6 117.6
89.6 123.2
89.6 128.8
89.6 134.4
89.6 140
89.6 145.6
89.6 151.2
89.6 156.8
89.6 162.4
89.6 168
89.6 173.6
89.6 179.2
89.6 184.8
89.6 190.4
89.6 196
95.2 0
95.2 5.6
95.2 11.2
95.2 16.8
95.2 22.4
95.2 28
95.2 33.6
95.2 39.2
95.2 44.8
95.2 50.4
95.2 56
95.2 61.6
95.2 67.2
95.2 72.8
95.2 78.4
95.2 84
95.2 89.6
95.2 95.2
95.2 100.8
95.2 106.4
95.2 112
95.2 117.6
95.2 123.2
95.2 128.8
95.2 134.4
95.2 140
95.2 145.6
95.2 151.2
95.2 156.8
95.2 162.4
95.2 168
95.2 173.6
95.2 179.2
95.2 184.8
95.2 190.4
95.2 196
100.8 0
100.8 5.6
100.8 11.2
100.8 16.8
100.8 22.4
100.8 28
100.8 33.6
100.8 39.2
100.8 44.8
100.8 50.4
100.8 56
100.8 61.6
100.8 67.2
100.8 72.8
100.8 78.4
100.8 84
100.8 89.6
100.8 95.2
100.8 100.8
100.8 106.4
100.8 112
100.8 117.6
100.8 123.2
100.8 128.8
100.8 134.4
100.8 140
100.8 145.6
100.8 151.2
100.8 156.8
100.8 162.4
100.8 168
100.8 173.6
100.8 179.2
100.8 184.8
100.8 190.4
100.8 196
106.4 0
106.4 5.6
106.4 11.2
106.4 16.8
106.4 22.4
106.4 28
106.4 33.6
106.4 39.2
106.4 44.8
106.4 50.4
106.4 56
106.4 61.6
106.4 67.2
106.4 72.8
106.4 78.4
106.4 84
106.4 89.6
106.4 95.2
106.4 100.8
106.4 106.4
106.4 112
106.4 117.6
106.4 123.2
106.4 128.8
106.4 134.4
106.4 140
106.4 145.6
106.4 151.2
106.4 156.8
106.4 162.4
106.4 168
106.4 173.6
106.4 179.2
106.4 184.8
106.4 190.4
106.4 196
112 0
112 5.6
112 11.2
112 16.8
112 22.4
112 28
112 33.6
112 39.2
112 44.8
112 50.4
112 56
112 61.6
112 67.2
112 72.8
112 78.4
112 84
112 89.6
112 95.2
112 100.8
112 106.4
112 112
112 117.6
112 123.2
112 128.8
112 134.4
112 140
112 145.6
112 151.2
112 156.8
112 162.4
112 168
112 173.6
112 179.2
112 184.8
112 190.4
112 196
117.6 0
117.6 5.6
117.6 11.2
117.6 16.8
117.6 22.4
117.6 28
117.6 33.6
117.6 39.2
117.6 44.8
117.6 50.4
117.6 56
117.6 61.6
117.6 67.2
117.6 72.8
117.6 78.4
117.6 84
117.6 89.6
117.6 95.2
117.6 100.8
117.6 106.4
117.6 112
117.6 117.6
117.6 123.2
117.6 128.8
117.6 134.4
117.6 140
117.6 145.6
117.6 151.2
117.6 156.8
117.6 162.4
117.6 168
117.6 173.6
117.6 179.2
117.6 184.8
117.6 190.4
117.6 196
123.2 0
123.2 5.6
123.2 11.2
123.2 16.8
123.2 22.4
123.2 28
123.2 33.6
123.2 39.2
123.2 44.8
123.2 50.4
123.2 56
123.2 61.6
123.2 67.2
123.2 72.8
123.2 78.4
123.2 84
123.2 89.6
123.2 95.2
123.2 100.8
123.2 106.4
123.2 112
123.2 117.6
123.2 123.2
123.2 128.8
123.2 134.4
123.2 140
123.2 145.6
123.2 151.2
123.2 156.8
123.2 162.4
123.2 168
123.2 173.6
123.2 179.2
123.2 184.8
123.2 190.4
123.2 196
128.8 0
128.8 5.6
128.8 11.2
128.8 16.8
128.8 22.4
128.8 28
128.8 33.6
128.8 39.2
128.8 44.8
128.8 50.4
128.8 56
128.8 61.6
128.8 67.2
128.8 72.8
128.8 78.4
128.8 84
128.8 89.6
128.8 95.2
128.8 100.8
128.8 106.4
128.8 112
128.8 117.6
128.8 123.2
128.8 128.8
128.8 134.4
128.8 140
128.8 145.6
128.8 151.2
128.8 156.8
128.8 162.4
128.8 168
128.8 173.6
128.8 179.2
128.8 184.8
128.8 190.4
128.8 196
134.4 0
134.4 5.6
134.4 11.2
134.4 16.8
134.4 22.4
134.4 28
134.4 33.6
134.4 39.2
134.4 44.8
134.4 50.4
134.4 56
134.4 61.6
134.4 67.2
134.4 72.8
134.4 78.4
134.4 84
134.4 89.6
134.4 95.2
134.4 100.8
134.4 106.4
134.4 112
134.4 117.6
134.4 123.2
134.4 128.8
134.4 134.4
134.4 140
134.4 145.6
134.4 151.2
134.4 156.8
134.4 162.4
134.4 168
134.4 173.6
134.4 179.2
134.4 184.8
134.4 190.4
134.4 196
140 0
140 5.6
140 11.2
140 16.8
140 22.4
140 28
140 33.6
140 39.2
140 44.8
140 50.4
140 56
140 61.6
140 67.2
140 72.8
140 78.4
140 84
140 89.6
140 95.2
140 100.8
140 106.4
140 112
140 117.6
140 123.2
140 128.8
140 134.4
140 140
140 145.6
140 151.2
140 156.8
140 162.4
140 168
140 173.6
140 179.2
140 184.8
140 190.4
140 196
145.6 0
145.6 5.6
145.6 11.2
145.6 16.8
145.6 22.4
145.6 28
145.6 33.6
145.6 39.2
145.6 44.8
145.6 50.4
145.6 56
145.6 61.6
145.6 67.2
145.6 72.8
145.6 78.4
145.6 84
145.6 89.6
145.6 95.2
145.6 100.8
145.6 106.4
145.6 112
145.6 117.6
145.6 123.2
145.6 128.8
145.6 134.4
145.6 140
145.6 145.6
145.6 151.2
145.6 156.8
145.6 162.4
145.6 168
145.6 173.6
145.6 179.2
145.6 184.8
145.6 190.4
145.6 196
151.2 0
151.2 5.6
151.2 11.2
151.2 16.8
151.2 22.4
151.2 28
151.2 33.6
151.2 39.2
151.2 44.8
151.2 50.4
151.2 56
151.2 61.6
151.2 67.2
151.2 72.8
151.2 78.4
151.2 84
151.2 89.6
151.2 95.2
151.2 100.8
151.2 106.4
151.2 112
151.2 117.6
151.2 123.2
151.2 128.8
151.2 134.4
151.2 140
151.2 145.6
151.2 151.2
151.2 156.8
151.2 162.4
151.2 168
151.2 173.6
151.2 179.2
151.2 184.8
151.2 190.4
151.2 196
156.8 0
156.8 5.6
156.8 11.2
156.8 16.8
156.8 22.4
156.8 28
156.8 33.6
156.8 39.2
156.8 44.8
156.8 50.4
156.8 56
156.8 61.6
156.8 67.2
156.8 72.8
156.8 78.4
156.8 84
156.8 89.6
156.8 95.2
156.8 100.8
156.8 106.4
156.8 112
156.8 117.6
156.8 123.2
156.8 128.8
156.8 134.4
156.8 140
156.8 145.6
156.8 151.2
156.8 156.8
156.8 162.4
156.8 168
156.8 173.6
156.8 179.2
156.8 184.8
156.8 190.4
156.8 196
162.4 0
162.4 5.6
162.4 11.2
162.4 16.8
162.4 22.4
162.4 28
162.4 33.6
162.4 39.2
162.4 44.8
162.4 50.4
162.4 56
162.4 61.6
162.4 67.2
162.4 72.8
162.4 78.4
162.4 84
162.4 89.6
162.4 95.2
162.4 100.8
162.4 106.4
162.4 112
162.4 117.6
162.4 123.2
162.4 128.8
162.4 134.4
162.4 140
162.4 145.6
162.4 151.2
162.4 156.8
162.4 162.4
162.4 168
162.4 173.6
162.4 179.2
162.4 184.8
162.4 190.4
162.4 196
168 0
168 5.6
168 11.2
168 16.8
168 22.4
168 28
168 33.6
168 39.2
168 44.8
168 50.4
168 56
168 61.6
168 67.2
168 72.8
168 78.4
168 84
168 89.6
168 95.2
168 100.8
168 106.4
168 112
168 117.6
168 123.2
168 128.8
168 134.4
168 140
168 145.6
168 151.2
168 156.8
168 162.4
168 168
168 173.6
168 179.2
168 184.8
168 190.4
168 196
173.6 0
173.6 5.6
173.6 11.2
173.6 16.8
173.6 22.4
173.6 28
173.6 33.6
173.6 39.2
173.6 44.8
173.6 50.4
173.6 56
173.6 61.6
173.6 67.2
173.6 72.8
173.6 78.4
173.6 84
173.6 89.6
173.6 95.2
173.6 100.8
173.6 106.4
173.6 112
173.6 117.6
173.6 123.2
173.6 128.8
173.6 134.4
173.6 140
173.6 145.6
173.6 151.2
173.6 156.8
173.6 162.4
173.6 168
173.6 173.6
173.6 179.2
173.6 184.8
173.6 190.4
173.6 196
179.2 0
179.2 5.6
179.2 11.2
179.2 16.8
179.2 22.4
179.2 28
179.2 33.6
179.2 39.2
179.2 44.8
179.2 50.4
179.2 56
179.2 61.6
179.2 67.2
179.2 72.8
179.2 78.4
179.2 84
179.2 89.6
179.2 95.2
179.2 100.8
179.2 106.4
179.2 112
179.2 117.6
179.2 123.2
179.2 128.8
179.2 134.4
179.2 140
179.2 145.6
179.2 151.2
179.2 156.8
179.2 162.4
179.2 168
179.2 173.6
179.2 179.2
179.2 184.8
179.2 190.4
179.2 196
184.8 0
184.8 5.6
184.8 11.2
184.8 16.8
184.8 22.4
184.8 28
184.8 33.6
184.8 39.2
184.8 44.8
184.8 50.4
184.8 56
184.8 61.6
184.8 67.2
184.8 72.8
184.8 78.4
184.8 84
184.8 89.6
184.8 95.2
184.8 100.8
184.8 106.4
184.8 112
184.8 117.6
184.8 123.2
184.8 128.8
184.8 134.4
184.8 140
184.8 145.6
184.8 151.2
184.8 156.8
184.8 162.4
184.8 168
184.8 173.6
184.8 179.2
184.8 184.8
184.8 190.4
184.8 196
190.4 0
190.4 5.6
190.4 11.2
190.4 16.8
190.4 22.4
190.4 28
190.4 33.6
190.4 39.2
190.4 44.8
190.4 50.4
190.4 56
190.4 61.6
190.4 67.2
190.4 72.8
190.4 78.4
190.4 84
190.4 89.6
190.4 95.2
190.4 100.8
190.4 106.4
190.4 112
190.4 117.6
190.4 123.2
190.4 128.8
190.4 134.4
190.4 140
190.4 145.6
190.4 151.2
190.4 156.8
190.4 162.4
190.4 168
190.4 173.6
190.4 179.2
190.4 184.8
190.4 190.4
190.4 196
196 0
196 5.6
196 11.2
196 16.8
196 22.4
196 28
196 33.6
196 39.2
196 44.8
196 50.4
196 56
196 61.6
196 67.2
196 72.8
196 78.4
196 84
196 89.6
196 95.2
196 100.8
196 106.4
196 112
196 117.6
196 123.2
196 128.8
196 134.4
196 140
196 145.6
196 151.2
196 156.8
196 162.4
196 168
196 173.6
196 179.2
196 184.8
196 190.4
196 196

/

crown	radius	in	the	x-direction.
&indivradx
nodates = 1
values = 13
13
13
13
13
13
13
13
13
13
13
13
13
13
13
13
13
13
13
13
13
13
13
13
13
13
13
13
13
13
13
13
13
13
13
13
13
13
13
13
13
13
13
13
13
13
13
13
13
13
13
13
13
13
13
13
13
13
13
13
13
13
13
13
13
13
13
13
13
13
13
13
13
13
2.5439045
2.5439045
2.5439045
2.5439045
2.5439045
2.5439045
2.5439045
2.5439045
2.5439045
2.5439045
2.5439045
2.5439045
2.5439045
2.5439045
2.5439045
2.5439045
2.5439045
2.5439045
2.5439045
2.5439045
2.5439045
2.5439045
2.5439045
2.5439045
2.5439045
2.5439045
2.5439045
2.5439045
2.5439045
2.5439045
2.5439045
2.5439045
13
13
13
13
2.5439045
2.5439045
2.5439045
2.5439045
2.5439045
2.5439045
2.5439045
2.5439045
2.5439045
2.5439045
2.5439045
2.5439045
2.5439045
2.5439045
2.5439045
2.5439045
2.5439045
2.5439045
2.5439045
2.5439045
2.5439045
2.5439045
2.5439045
2.5439045
2.5439045
2.5439045
2.5439045
2.5439045
2.5439045
2.5439045
2.5439045
2.5439045
13
13
13
13
2.5439045
2.5439045
2.5439045
2.5439045
2.5439045
2.5439045
2.5439045
2.5439045
2.5439045
2.5439045
2.5439045
2.5439045
2.5439045
2.5439045
2.5439045
2.5439045
2.5439045
2.5439045
2.5439045
2.5439045
2.5439045
2.5439045
2.5439045
2.5439045
2.5439045
2.5439045
2.5439045
2.5439045
2.5439045
2.5439045
2.5439045
2.5439045
13
13
13
13
2.5439045
2.5439045
2.5439045
2.5439045
2.5439045
2.5439045
2.5439045
2.5439045
2.5439045
2.5439045
2.5439045
2.5439045
2.5439045
2.5439045
2.5439045
2.5439045
2.5439045
2.5439045
2.5439045
2.5439045
2.5439045
2.5439045
2.5439045
2.5439045
2.5439045
2.5439045
2.5439045
2.5439045
2.5439045
2.5439045
2.5439045
2.5439045
13
13
13
13
2.5439045
2.5439045
2.5439045
2.5439045
2.5439045
2.5439045
2.5439045
2.5439045
2.5439045
2.5439045
2.5439045
2.5439045
2.5439045
2.5439045
2.5439045
2.5439045
2.5439045
2.5439045
2.5439045
2.5439045
2.5439045
2.5439045
2.5439045
2.5439045
2.5439045
2.5439045
2.5439045
2.5439045
2.5439045
2.5439045
2.5439045
2.5439045
13
13
13
13
2.5439045
2.5439045
2.5439045
2.5439045
2.5439045
2.5439045
2.5439045
2.5439045
2.5439045
2.5439045
2.5439045
2.5439045
2.5439045
2.5439045
2.5439045
2.5439045
2.5439045
2.5439045
2.5439045
2.5439045
2.5439045
2.5439045
2.5439045
2.5439045
2.5439045
2.5439045
2.5439045
2.5439045
2.5439045
2.5439045
2.5439045
2.5439045
13
13
13
13
2.5439045
2.5439045
2.5439045
2.5439045
2.5439045
2.5439045
2.5439045
2.5439045
2.5439045
2.5439045
2.5439045
2.5439045
2.5439045
2.5439045
2.5439045
2.5439045
2.5439045
2.5439045
2.5439045
2.5439045
2.5439045
2.5439045
2.5439045
2.5439045
2.5439045
2.5439045
2.5439045
2.5439045
2.5439045
2.5439045
2.5439045
2.5439045
13
13
13
13
2.5439045
2.5439045
2.5439045
2.5439045
2.5439045
2.5439045
2.5439045
2.5439045
2.5439045
2.5439045
2.5439045
2.5439045
2.5439045
2.5439045
2.5439045
2.5439045
2.5439045
2.5439045
2.5439045
2.5439045
2.5439045
2.5439045
2.5439045
2.5439045
2.5439045
2.5439045
2.5439045
2.5439045
2.5439045
2.5439045
2.5439045
2.5439045
13
13
13
13
2.5439045
2.5439045
2.5439045
2.5439045
2.5439045
2.5439045
2.5439045
2.5439045
2.5439045
2.5439045
2.5439045
2.5439045
2.5439045
2.5439045
2.5439045
2.5439045
2.5439045
2.5439045
2.5439045
2.5439045
2.5439045
2.5439045
2.5439045
2.5439045
2.5439045
2.5439045
2.5439045
2.5439045
2.5439045
2.5439045
2.5439045
2.5439045
13
13
13
13
2.5439045
2.5439045
2.5439045
2.5439045
2.5439045
2.5439045
2.5439045
2.5439045
2.5439045
2.5439045
2.5439045
2.5439045
2.5439045
2.5439045
2.5439045
2.5439045
2.5439045
2.5439045
2.5439045
2.5439045
2.5439045
2.5439045
2.5439045
2.5439045
2.5439045
2.5439045
2.5439045
2.5439045
2.5439045
2.5439045
2.5439045
2.5439045
13
13
13
13
2.5439045
2.5439045
2.5439045
2.5439045
2.5439045
2.5439045
2.5439045
2.5439045
2.5439045
2.5439045
2.5439045
2.5439045
2.5439045
2.5439045
2.5439045
2.5439045
2.5439045
2.5439045
2.5439045
2.5439045
2.5439045
2.5439045
2.5439045
2.5439045
2.5439045
2.5439045
2.5439045
2.5439045
2.5439045
2.5439045
2.5439045
2.5439045
13
13
13
13
2.5439045
2.5439045
2.5439045
2.5439045
2.5439045
2.5439045
2.5439045
2.5439045
2.5439045
2.5439045
2.5439045
2.5439045
2.5439045
2.5439045
2.5439045
2.5439045
2.5439045
2.5439045
2.5439045
2.5439045
2.5439045
2.5439045
2.5439045
2.5439045
2.5439045
2.5439045
2.5439045
2.5439045
2.5439045
2.5439045
2.5439045
2.5439045
13
13
13
13
2.5439045
2.5439045
2.5439045
2.5439045
2.5439045
2.5439045
2.5439045
2.5439045
2.5439045
2.5439045
2.5439045
2.5439045
2.5439045
2.5439045
2.5439045
2.5439045
2.5439045
2.5439045
2.5439045
2.5439045
2.5439045
2.5439045
2.5439045
2.5439045
2.5439045
2.5439045
2.5439045
2.5439045
2.5439045
2.5439045
2.5439045
2.5439045
13
13
13
13
2.5439045
2.5439045
2.5439045
2.5439045
2.5439045
2.5439045
2.5439045
2.5439045
2.5439045
2.5439045
2.5439045
2.5439045
2.5439045
2.5439045
2.5439045
2.5439045
2.5439045
2.5439045
2.5439045
2.5439045
2.5439045
2.5439045
2.5439045
2.5439045
2.5439045
2.5439045
2.5439045
2.5439045
2.5439045
2.5439045
2.5439045
2.5439045
13
13
13
13
2.5439045
2.5439045
2.5439045
2.5439045
2.5439045
2.5439045
2.5439045
2.5439045
2.5439045
2.5439045
2.5439045
2.5439045
2.5439045
2.5439045
2.5439045
2.5439045
2.5439045
2.5439045
2.5439045
2.5439045
2.5439045
2.5439045
2.5439045
2.5439045
2.5439045
2.5439045
2.5439045
2.5439045
2.5439045
2.5439045
2.5439045
2.5439045
13
13
13
13
2.5439045
2.5439045
2.5439045
2.5439045
2.5439045
2.5439045
2.5439045
2.5439045
2.5439045
2.5439045
2.5439045
2.5439045
2.5439045
2.5439045
2.5439045
2.5439045
2.5439045
2.5439045
2.5439045
2.5439045
2.5439045
2.5439045
2.5439045
2.5439045
2.5439045
2.5439045
2.5439045
2.5439045
2.5439045
2.5439045
2.5439045
2.5439045
13
13
13
13
2.5439045
2.5439045
2.5439045
2.5439045
2.5439045
2.5439045
2.5439045
2.5439045
2.5439045
2.5439045
2.5439045
2.5439045
2.5439045
2.5439045
2.5439045
2.5439045
2.5439045
2.5439045
2.5439045
2.5439045
2.5439045
2.5439045
2.5439045
2.5439045
2.5439045
2.5439045
2.5439045
2.5439045
2.5439045
2.5439045
2.5439045
2.5439045
13
13
13
13
2.5439045
2.5439045
2.5439045
2.5439045
2.5439045
2.5439045
2.5439045
2.5439045
2.5439045
2.5439045
2.5439045
2.5439045
2.5439045
2.5439045
2.5439045
2.5439045
2.5439045
2.5439045
2.5439045
2.5439045
2.5439045
2.5439045
2.5439045
2.5439045
2.5439045
2.5439045
2.5439045
2.5439045
2.5439045
2.5439045
2.5439045
2.5439045
13
13
13
13
2.5439045
2.5439045
2.5439045
2.5439045
2.5439045
2.5439045
2.5439045
2.5439045
2.5439045
2.5439045
2.5439045
2.5439045
2.5439045
2.5439045
2.5439045
2.5439045
2.5439045
2.5439045
2.5439045
2.5439045
2.5439045
2.5439045
2.5439045
2.5439045
2.5439045
2.5439045
2.5439045
2.5439045
2.5439045
2.5439045
2.5439045
2.5439045
13
13
13
13
2.5439045
2.5439045
2.5439045
2.5439045
2.5439045
2.5439045
2.5439045
2.5439045
2.5439045
2.5439045
2.5439045
2.5439045
2.5439045
2.5439045
2.5439045
2.5439045
2.5439045
2.5439045
2.5439045
2.5439045
2.5439045
2.5439045
2.5439045
2.5439045
2.5439045
2.5439045
2.5439045
2.5439045
2.5439045
2.5439045
2.5439045
2.5439045
13
13
13
13
2.5439045
2.5439045
2.5439045
2.5439045
2.5439045
2.5439045
2.5439045
2.5439045
2.5439045
2.5439045
2.5439045
2.5439045
2.5439045
2.5439045
2.5439045
2.5439045
2.5439045
2.5439045
2.5439045
2.5439045
2.5439045
2.5439045
2.5439045
2.5439045
2.5439045
2.5439045
2.5439045
2.5439045
2.5439045
2.5439045
2.5439045
2.5439045
13
13
13
13
2.5439045
2.5439045
2.5439045
2.5439045
2.5439045
2.5439045
2.5439045
2.5439045
2.5439045
2.5439045
2.5439045
2.5439045
2.5439045
2.5439045
2.5439045
2.5439045
2.5439045
2.5439045
2.5439045
2.5439045
2.5439045
2.5439045
2.5439045
2.5439045
2.5439045
2.5439045
2.5439045
2.5439045
2.5439045
2.5439045
2.5439045
2.5439045
13
13
13
13
2.5439045
2.5439045
2.5439045
2.5439045
2.5439045
2.5439045
2.5439045
2.5439045
2.5439045
2.5439045
2.5439045
2.5439045
2.5439045
2.5439045
2.5439045
2.5439045
2.5439045
2.5439045
2.5439045
2.5439045
2.5439045
2.5439045
2.5439045
2.5439045
2.5439045
2.5439045
2.5439045
2.5439045
2.5439045
2.5439045
2.5439045
2.5439045
13
13
13
13
2.5439045
2.5439045
2.5439045
2.5439045
2.5439045
2.5439045
2.5439045
2.5439045
2.5439045
2.5439045
2.5439045
2.5439045
2.5439045
2.5439045
2.5439045
2.5439045
2.5439045
2.5439045
2.5439045
2.5439045
2.5439045
2.5439045
2.5439045
2.5439045
2.5439045
2.5439045
2.5439045
2.5439045
2.5439045
2.5439045
2.5439045
2.5439045
13
13
13
13
2.5439045
2.5439045
2.5439045
2.5439045
2.5439045
2.5439045
2.5439045
2.5439045
2.5439045
2.5439045
2.5439045
2.5439045
2.5439045
2.5439045
2.5439045
2.5439045
2.5439045
2.5439045
2.5439045
2.5439045
2.5439045
2.5439045
2.5439045
2.5439045
2.5439045
2.5439045
2.5439045
2.5439045
2.5439045
2.5439045
2.5439045
2.5439045
13
13
13
13
2.5439045
2.5439045
2.5439045
2.5439045
2.5439045
2.5439045
2.5439045
2.5439045
2.5439045
2.5439045
2.5439045
2.5439045
2.5439045
2.5439045
2.5439045
2.5439045
2.5439045
2.5439045
2.5439045
2.5439045
2.5439045
2.5439045
2.5439045
2.5439045
2.5439045
2.5439045
2.5439045
2.5439045
2.5439045
2.5439045
2.5439045
2.5439045
13
13
13
13
2.5439045
2.5439045
2.5439045
2.5439045
2.5439045
2.5439045
2.5439045
2.5439045
2.5439045
2.5439045
2.5439045
2.5439045
2.5439045
2.5439045
2.5439045
2.5439045
2.5439045
2.5439045
2.5439045
2.5439045
2.5439045
2.5439045
2.5439045
2.5439045
2.5439045
2.5439045
2.5439045
2.5439045
2.5439045
2.5439045
2.5439045
2.5439045
13
13
13
13
2.5439045
2.5439045
2.5439045
2.5439045
2.5439045
2.5439045
2.5439045
2.5439045
2.5439045
2.5439045
2.5439045
2.5439045
2.5439045
2.5439045
2.5439045
2.5439045
2.5439045
2.5439045
2.5439045
2.5439045
2.5439045
2.5439045
2.5439045
2.5439045
2.5439045
2.5439045
2.5439045
2.5439045
2.5439045
2.5439045
2.5439045
2.5439045
13
13
13
13
2.5439045
2.5439045
2.5439045
2.5439045
2.5439045
2.5439045
2.5439045
2.5439045
2.5439045
2.5439045
2.5439045
2.5439045
2.5439045
2.5439045
2.5439045
2.5439045
2.5439045
2.5439045
2.5439045
2.5439045
2.5439045
2.5439045
2.5439045
2.5439045
2.5439045
2.5439045
2.5439045
2.5439045
2.5439045
2.5439045
2.5439045
2.5439045
13
13
13
13
2.5439045
2.5439045
2.5439045
2.5439045
2.5439045
2.5439045
2.5439045
2.5439045
2.5439045
2.5439045
2.5439045
2.5439045
2.5439045
2.5439045
2.5439045
2.5439045
2.5439045
2.5439045
2.5439045
2.5439045
2.5439045
2.5439045
2.5439045
2.5439045
2.5439045
2.5439045
2.5439045
2.5439045
2.5439045
2.5439045
2.5439045
2.5439045
13
13
13
13
2.5439045
2.5439045
2.5439045
2.5439045
2.5439045
2.5439045
2.5439045
2.5439045
2.5439045
2.5439045
2.5439045
2.5439045
2.5439045
2.5439045
2.5439045
2.5439045
2.5439045
2.5439045
2.5439045
2.5439045
2.5439045
2.5439045
2.5439045
2.5439045
2.5439045
2.5439045
2.5439045
2.5439045
2.5439045
2.5439045
2.5439045
2.5439045
13
13
13
13
2.5439045
2.5439045
2.5439045
2.5439045
2.5439045
2.5439045
2.5439045
2.5439045
2.5439045
2.5439045
2.5439045
2.5439045
2.5439045
2.5439045
2.5439045
2.5439045
2.5439045
2.5439045
2.5439045
2.5439045
2.5439045
2.5439045
2.5439045
2.5439045
2.5439045
2.5439045
2.5439045
2.5439045
2.5439045
2.5439045
2.5439045
2.5439045
13
13
13
13
13
13
13
13
13
13
13
13
13
13
13
13
13
13
13
13
13
13
13
13
13
13
13
13
13
13
13
13
13
13
13
13
13
13
13
13
13
13
13
13
13
13
13
13
13
13
13
13
13
13
13
13
13
13
13
13
13
13
13
13
13
13
13
13
13
13
13
13
13
13

/

crown	radius	in	the	y-direction.
&indivrady
nodates = 1
values = 13
13
13
13
13
13
13
13
13
13
13
13
13
13
13
13
13
13
13
13
13
13
13
13
13
13
13
13
13
13
13
13
13
13
13
13
13
13
13
13
13
13
13
13
13
13
13
13
13
13
13
13
13
13
13
13
13
13
13
13
13
13
13
13
13
13
13
13
13
13
13
13
13
13
2.5439045
2.5439045
2.5439045
2.5439045
2.5439045
2.5439045
2.5439045
2.5439045
2.5439045
2.5439045
2.5439045
2.5439045
2.5439045
2.5439045
2.5439045
2.5439045
2.5439045
2.5439045
2.5439045
2.5439045
2.5439045
2.5439045
2.5439045
2.5439045
2.5439045
2.5439045
2.5439045
2.5439045
2.5439045
2.5439045
2.5439045
2.5439045
13
13
13
13
2.5439045
2.5439045
2.5439045
2.5439045
2.5439045
2.5439045
2.5439045
2.5439045
2.5439045
2.5439045
2.5439045
2.5439045
2.5439045
2.5439045
2.5439045
2.5439045
2.5439045
2.5439045
2.5439045
2.5439045
2.5439045
2.5439045
2.5439045
2.5439045
2.5439045
2.5439045
2.5439045
2.5439045
2.5439045
2.5439045
2.5439045
2.5439045
13
13
13
13
2.5439045
2.5439045
2.5439045
2.5439045
2.5439045
2.5439045
2.5439045
2.5439045
2.5439045
2.5439045
2.5439045
2.5439045
2.5439045
2.5439045
2.5439045
2.5439045
2.5439045
2.5439045
2.5439045
2.5439045
2.5439045
2.5439045
2.5439045
2.5439045
2.5439045
2.5439045
2.5439045
2.5439045
2.5439045
2.5439045
2.5439045
2.5439045
13
13
13
13
2.5439045
2.5439045
2.5439045
2.5439045
2.5439045
2.5439045
2.5439045
2.5439045
2.5439045
2.5439045
2.5439045
2.5439045
2.5439045
2.5439045
2.5439045
2.5439045
2.5439045
2.5439045
2.5439045
2.5439045
2.5439045
2.5439045
2.5439045
2.5439045
2.5439045
2.5439045
2.5439045
2.5439045
2.5439045
2.5439045
2.5439045
2.5439045
13
13
13
13
2.5439045
2.5439045
2.5439045
2.5439045
2.5439045
2.5439045
2.5439045
2.5439045
2.5439045
2.5439045
2.5439045
2.5439045
2.5439045
2.5439045
2.5439045
2.5439045
2.5439045
2.5439045
2.5439045
2.5439045
2.5439045
2.5439045
2.5439045
2.5439045
2.5439045
2.5439045
2.5439045
2.5439045
2.5439045
2.5439045
2.5439045
2.5439045
13
13
13
13
2.5439045
2.5439045
2.5439045
2.5439045
2.5439045
2.5439045
2.5439045
2.5439045
2.5439045
2.5439045
2.5439045
2.5439045
2.5439045
2.5439045
2.5439045
2.5439045
2.5439045
2.5439045
2.5439045
2.5439045
2.5439045
2.5439045
2.5439045
2.5439045
2.5439045
2.5439045
2.5439045
2.5439045
2.5439045
2.5439045
2.5439045
2.5439045
13
13
13
13
2.5439045
2.5439045
2.5439045
2.5439045
2.5439045
2.5439045
2.5439045
2.5439045
2.5439045
2.5439045
2.5439045
2.5439045
2.5439045
2.5439045
2.5439045
2.5439045
2.5439045
2.5439045
2.5439045
2.5439045
2.5439045
2.5439045
2.5439045
2.5439045
2.5439045
2.5439045
2.5439045
2.5439045
2.5439045
2.5439045
2.5439045
2.5439045
13
13
13
13
2.5439045
2.5439045
2.5439045
2.5439045
2.5439045
2.5439045
2.5439045
2.5439045
2.5439045
2.5439045
2.5439045
2.5439045
2.5439045
2.5439045
2.5439045
2.5439045
2.5439045
2.5439045
2.5439045
2.5439045
2.5439045
2.5439045
2.5439045
2.5439045
2.5439045
2.5439045
2.5439045
2.5439045
2.5439045
2.5439045
2.5439045
2.5439045
13
13
13
13
2.5439045
2.5439045
2.5439045
2.5439045
2.5439045
2.5439045
2.5439045
2.5439045
2.5439045
2.5439045
2.5439045
2.5439045
2.5439045
2.5439045
2.5439045
2.5439045
2.5439045
2.5439045
2.5439045
2.5439045
2.5439045
2.5439045
2.5439045
2.5439045
2.5439045
2.5439045
2.5439045
2.5439045
2.5439045
2.5439045
2.5439045
2.5439045
13
13
13
13
2.5439045
2.5439045
2.5439045
2.5439045
2.5439045
2.5439045
2.5439045
2.5439045
2.5439045
2.5439045
2.5439045
2.5439045
2.5439045
2.5439045
2.5439045
2.5439045
2.5439045
2.5439045
2.5439045
2.5439045
2.5439045
2.5439045
2.5439045
2.5439045
2.5439045
2.5439045
2.5439045
2.5439045
2.5439045
2.5439045
2.5439045
2.5439045
13
13
13
13
2.5439045
2.5439045
2.5439045
2.5439045
2.5439045
2.5439045
2.5439045
2.5439045
2.5439045
2.5439045
2.5439045
2.5439045
2.5439045
2.5439045
2.5439045
2.5439045
2.5439045
2.5439045
2.5439045
2.5439045
2.5439045
2.5439045
2.5439045
2.5439045
2.5439045
2.5439045
2.5439045
2.5439045
2.5439045
2.5439045
2.5439045
2.5439045
13
13
13
13
2.5439045
2.5439045
2.5439045
2.5439045
2.5439045
2.5439045
2.5439045
2.5439045
2.5439045
2.5439045
2.5439045
2.5439045
2.5439045
2.5439045
2.5439045
2.5439045
2.5439045
2.5439045
2.5439045
2.5439045
2.5439045
2.5439045
2.5439045
2.5439045
2.5439045
2.5439045
2.5439045
2.5439045
2.5439045
2.5439045
2.5439045
2.5439045
13
13
13
13
2.5439045
2.5439045
2.5439045
2.5439045
2.5439045
2.5439045
2.5439045
2.5439045
2.5439045
2.5439045
2.5439045
2.5439045
2.5439045
2.5439045
2.5439045
2.5439045
2.5439045
2.5439045
2.5439045
2.5439045
2.5439045
2.5439045
2.5439045
2.5439045
2.5439045
2.5439045
2.5439045
2.5439045
2.5439045
2.5439045
2.5439045
2.5439045
13
13
13
13
2.5439045
2.5439045
2.5439045
2.5439045
2.5439045
2.5439045
2.5439045
2.5439045
2.5439045
2.5439045
2.5439045
2.5439045
2.5439045
2.5439045
2.5439045
2.5439045
2.5439045
2.5439045
2.5439045
2.5439045
2.5439045
2.5439045
2.5439045
2.5439045
2.5439045
2.5439045
2.5439045
2.5439045
2.5439045
2.5439045
2.5439045
2.5439045
13
13
13
13
2.5439045
2.5439045
2.5439045
2.5439045
2.5439045
2.5439045
2.5439045
2.5439045
2.5439045
2.5439045
2.5439045
2.5439045
2.5439045
2.5439045
2.5439045
2.5439045
2.5439045
2.5439045
2.5439045
2.5439045
2.5439045
2.5439045
2.5439045
2.5439045
2.5439045
2.5439045
2.5439045
2.5439045
2.5439045
2.5439045
2.5439045
2.5439045
13
13
13
13
2.5439045
2.5439045
2.5439045
2.5439045
2.5439045
2.5439045
2.5439045
2.5439045
2.5439045
2.5439045
2.5439045
2.5439045
2.5439045
2.5439045
2.5439045
2.5439045
2.5439045
2.5439045
2.5439045
2.5439045
2.5439045
2.5439045
2.5439045
2.5439045
2.5439045
2.5439045
2.5439045
2.5439045
2.5439045
2.5439045
2.5439045
2.5439045
13
13
13
13
2.5439045
2.5439045
2.5439045
2.5439045
2.5439045
2.5439045
2.5439045
2.5439045
2.5439045
2.5439045
2.5439045
2.5439045
2.5439045
2.5439045
2.5439045
2.5439045
2.5439045
2.5439045
2.5439045
2.5439045
2.5439045
2.5439045
2.5439045
2.5439045
2.5439045
2.5439045
2.5439045
2.5439045
2.5439045
2.5439045
2.5439045
2.5439045
13
13
13
13
2.5439045
2.5439045
2.5439045
2.5439045
2.5439045
2.5439045
2.5439045
2.5439045
2.5439045
2.5439045
2.5439045
2.5439045
2.5439045
2.5439045
2.5439045
2.5439045
2.5439045
2.5439045
2.5439045
2.5439045
2.5439045
2.5439045
2.5439045
2.5439045
2.5439045
2.5439045
2.5439045
2.5439045
2.5439045
2.5439045
2.5439045
2.5439045
13
13
13
13
2.5439045
2.5439045
2.5439045
2.5439045
2.5439045
2.5439045
2.5439045
2.5439045
2.5439045
2.5439045
2.5439045
2.5439045
2.5439045
2.5439045
2.5439045
2.5439045
2.5439045
2.5439045
2.5439045
2.5439045
2.5439045
2.5439045
2.5439045
2.5439045
2.5439045
2.5439045
2.5439045
2.5439045
2.5439045
2.5439045
2.5439045
2.5439045
13
13
13
13
2.5439045
2.5439045
2.5439045
2.5439045
2.5439045
2.5439045
2.5439045
2.5439045
2.5439045
2.5439045
2.5439045
2.5439045
2.5439045
2.5439045
2.5439045
2.5439045
2.5439045
2.5439045
2.5439045
2.5439045
2.5439045
2.5439045
2.5439045
2.5439045
2.5439045
2.5439045
2.5439045
2.5439045
2.5439045
2.5439045
2.5439045
2.5439045
13
13
13
13
2.5439045
2.5439045
2.5439045
2.5439045
2.5439045
2.5439045
2.5439045
2.5439045
2.5439045
2.5439045
2.5439045
2.5439045
2.5439045
2.5439045
2.5439045
2.5439045
2.5439045
2.5439045
2.5439045
2.5439045
2.5439045
2.5439045
2.5439045
2.5439045
2.5439045
2.5439045
2.5439045
2.5439045
2.5439045
2.5439045
2.5439045
2.5439045
13
13
13
13
2.5439045
2.5439045
2.5439045
2.5439045
2.5439045
2.5439045
2.5439045
2.5439045
2.5439045
2.5439045
2.5439045
2.5439045
2.5439045
2.5439045
2.5439045
2.5439045
2.5439045
2.5439045
2.5439045
2.5439045
2.5439045
2.5439045
2.5439045
2.5439045
2.5439045
2.5439045
2.5439045
2.5439045
2.5439045
2.5439045
2.5439045
2.5439045
13
13
13
13
2.5439045
2.5439045
2.5439045
2.5439045
2.5439045
2.5439045
2.5439045
2.5439045
2.5439045
2.5439045
2.5439045
2.5439045
2.5439045
2.5439045
2.5439045
2.5439045
2.5439045
2.5439045
2.5439045
2.5439045
2.5439045
2.5439045
2.5439045
2.5439045
2.5439045
2.5439045
2.5439045
2.5439045
2.5439045
2.5439045
2.5439045
2.5439045
13
13
13
13
2.5439045
2.5439045
2.5439045
2.5439045
2.5439045
2.5439045
2.5439045
2.5439045
2.5439045
2.5439045
2.5439045
2.5439045
2.5439045
2.5439045
2.5439045
2.5439045
2.5439045
2.5439045
2.5439045
2.5439045
2.5439045
2.5439045
2.5439045
2.5439045
2.5439045
2.5439045
2.5439045
2.5439045
2.5439045
2.5439045
2.5439045
2.5439045
13
13
13
13
2.5439045
2.5439045
2.5439045
2.5439045
2.5439045
2.5439045
2.5439045
2.5439045
2.5439045
2.5439045
2.5439045
2.5439045
2.5439045
2.5439045
2.5439045
2.5439045
2.5439045
2.5439045
2.5439045
2.5439045
2.5439045
2.5439045
2.5439045
2.5439045
2.5439045
2.5439045
2.5439045
2.5439045
2.5439045
2.5439045
2.5439045
2.5439045
13
13
13
13
2.5439045
2.5439045
2.5439045
2.5439045
2.5439045
2.5439045
2.5439045
2.5439045
2.5439045
2.5439045
2.5439045
2.5439045
2.5439045
2.5439045
2.5439045
2.5439045
2.5439045
2.5439045
2.5439045
2.5439045
2.5439045
2.5439045
2.5439045
2.5439045
2.5439045
2.5439045
2.5439045
2.5439045
2.5439045
2.5439045
2.5439045
2.5439045
13
13
13
13
2.5439045
2.5439045
2.5439045
2.5439045
2.5439045
2.5439045
2.5439045
2.5439045
2.5439045
2.5439045
2.5439045
2.5439045
2.5439045
2.5439045
2.5439045
2.5439045
2.5439045
2.5439045
2.5439045
2.5439045
2.5439045
2.5439045
2.5439045
2.5439045
2.5439045
2.5439045
2.5439045
2.5439045
2.5439045
2.5439045
2.5439045
2.5439045
13
13
13
13
2.5439045
2.5439045
2.5439045
2.5439045
2.5439045
2.5439045
2.5439045
2.5439045
2.5439045
2.5439045
2.5439045
2.5439045
2.5439045
2.5439045
2.5439045
2.5439045
2.5439045
2.5439045
2.5439045
2.5439045
2.5439045
2.5439045
2.5439045
2.5439045
2.5439045
2.5439045
2.5439045
2.5439045
2.5439045
2.5439045
2.5439045
2.5439045
13
13
13
13
2.5439045
2.5439045
2.5439045
2.5439045
2.5439045
2.5439045
2.5439045
2.5439045
2.5439045
2.5439045
2.5439045
2.5439045
2.5439045
2.5439045
2.5439045
2.5439045
2.5439045
2.5439045
2.5439045
2.5439045
2.5439045
2.5439045
2.5439045
2.5439045
2.5439045
2.5439045
2.5439045
2.5439045
2.5439045
2.5439045
2.5439045
2.5439045
13
13
13
13
2.5439045
2.5439045
2.5439045
2.5439045
2.5439045
2.5439045
2.5439045
2.5439045
2.5439045
2.5439045
2.5439045
2.5439045
2.5439045
2.5439045
2.5439045
2.5439045
2.5439045
2.5439045
2.5439045
2.5439045
2.5439045
2.5439045
2.5439045
2.5439045
2.5439045
2.5439045
2.5439045
2.5439045
2.5439045
2.5439045
2.5439045
2.5439045
13
13
13
13
2.5439045
2.5439045
2.5439045
2.5439045
2.5439045
2.5439045
2.5439045
2.5439045
2.5439045
2.5439045
2.5439045
2.5439045
2.5439045
2.5439045
2.5439045
2.5439045
2.5439045
2.5439045
2.5439045
2.5439045
2.5439045
2.5439045
2.5439045
2.5439045
2.5439045
2.5439045
2.5439045
2.5439045
2.5439045
2.5439045
2.5439045
2.5439045
13
13
13
13
2.5439045
2.5439045
2.5439045
2.5439045
2.5439045
2.5439045
2.5439045
2.5439045
2.5439045
2.5439045
2.5439045
2.5439045
2.5439045
2.5439045
2.5439045
2.5439045
2.5439045
2.5439045
2.5439045
2.5439045
2.5439045
2.5439045
2.5439045
2.5439045
2.5439045
2.5439045
2.5439045
2.5439045
2.5439045
2.5439045
2.5439045
2.5439045
13
13
13
13
13
13
13
13
13
13
13
13
13
13
13
13
13
13
13
13
13
13
13
13
13
13
13
13
13
13
13
13
13
13
13
13
13
13
13
13
13
13
13
13
13
13
13
13
13
13
13
13
13
13
13
13
13
13
13
13
13
13
13
13
13
13
13
13
13
13
13
13
13
13

/

crown	height	for	each	tree.
&indivhtcrown
nodates = 1
values = 21.359762
21.359762
21.359762
21.359762
21.359762
21.359762
21.359762
21.359762
21.359762
21.359762
21.359762
21.359762
21.359762
21.359762
21.359762
21.359762
21.359762
21.359762
21.359762
21.359762
21.359762
21.359762
21.359762
21.359762
21.359762
21.359762
21.359762
21.359762
21.359762
21.359762
21.359762
21.359762
21.359762
21.359762
21.359762
21.359762
21.359762
21.359762
21.359762
21.359762
21.359762
21.359762
21.359762
21.359762
21.359762
21.359762
21.359762
21.359762
21.359762
21.359762
21.359762
21.359762
21.359762
21.359762
21.359762
21.359762
21.359762
21.359762
21.359762
21.359762
21.359762
21.359762
21.359762
21.359762
21.359762
21.359762
21.359762
21.359762
21.359762
21.359762
21.359762
21.359762
21.359762
21.359762
6.359762
6.359762
6.359762
6.359762
6.359762
6.359762
6.359762
6.359762
6.359762
6.359762
6.359762
6.359762
6.359762
6.359762
6.359762
6.359762
6.359762
6.359762
6.359762
6.359762
6.359762
6.359762
6.359762
6.359762
6.359762
6.359762
6.359762
6.359762
6.359762
6.359762
6.359762
6.359762
21.359762
21.359762
21.359762
21.359762
6.359762
6.359762
6.359762
6.359762
6.359762
6.359762
6.359762
6.359762
6.359762
6.359762
6.359762
6.359762
6.359762
6.359762
6.359762
6.359762
6.359762
6.359762
6.359762
6.359762
6.359762
6.359762
6.359762
6.359762
6.359762
6.359762
6.359762
6.359762
6.359762
6.359762
6.359762
6.359762
21.359762
21.359762
21.359762
21.359762
6.359762
6.359762
6.359762
6.359762
6.359762
6.359762
6.359762
6.359762
6.359762
6.359762
6.359762
6.359762
6.359762
6.359762
6.359762
6.359762
6.359762
6.359762
6.359762
6.359762
6.359762
6.359762
6.359762
6.359762
6.359762
6.359762
6.359762
6.359762
6.359762
6.359762
6.359762
6.359762
21.359762
21.359762
21.359762
21.359762
6.359762
6.359762
6.359762
6.359762
6.359762
6.359762
6.359762
6.359762
6.359762
6.359762
6.359762
6.359762
6.359762
6.359762
6.359762
6.359762
6.359762
6.359762
6.359762
6.359762
6.359762
6.359762
6.359762
6.359762
6.359762
6.359762
6.359762
6.359762
6.359762
6.359762
6.359762
6.359762
21.359762
21.359762
21.359762
21.359762
6.359762
6.359762
6.359762
6.359762
6.359762
6.359762
6.359762
6.359762
6.359762
6.359762
6.359762
6.359762
6.359762
6.359762
6.359762
6.359762
6.359762
6.359762
6.359762
6.359762
6.359762
6.359762
6.359762
6.359762
6.359762
6.359762
6.359762
6.359762
6.359762
6.359762
6.359762
6.359762
21.359762
21.359762
21.359762
21.359762
6.359762
6.359762
6.359762
6.359762
6.359762
6.359762
6.359762
6.359762
6.359762
6.359762
6.359762
6.359762
6.359762
6.359762
6.359762
6.359762
6.359762
6.359762
6.359762
6.359762
6.359762
6.359762
6.359762
6.359762
6.359762
6.359762
6.359762
6.359762
6.359762
6.359762
6.359762
6.359762
21.359762
21.359762
21.359762
21.359762
6.359762
6.359762
6.359762
6.359762
6.359762
6.359762
6.359762
6.359762
6.359762
6.359762
6.359762
6.359762
6.359762
6.359762
6.359762
6.359762
6.359762
6.359762
6.359762
6.359762
6.359762
6.359762
6.359762
6.359762
6.359762
6.359762
6.359762
6.359762
6.359762
6.359762
6.359762
6.359762
21.359762
21.359762
21.359762
21.359762
6.359762
6.359762
6.359762
6.359762
6.359762
6.359762
6.359762
6.359762
6.359762
6.359762
6.359762
6.359762
6.359762
6.359762
6.359762
6.359762
6.359762
6.359762
6.359762
6.359762
6.359762
6.359762
6.359762
6.359762
6.359762
6.359762
6.359762
6.359762
6.359762
6.359762
6.359762
6.359762
21.359762
21.359762
21.359762
21.359762
6.359762
6.359762
6.359762
6.359762
6.359762
6.359762
6.359762
6.359762
6.359762
6.359762
6.359762
6.359762
6.359762
6.359762
6.359762
6.359762
6.359762
6.359762
6.359762
6.359762
6.359762
6.359762
6.359762
6.359762
6.359762
6.359762
6.359762
6.359762
6.359762
6.359762
6.359762
6.359762
21.359762
21.359762
21.359762
21.359762
6.359762
6.359762
6.359762
6.359762
6.359762
6.359762
6.359762
6.359762
6.359762
6.359762
6.359762
6.359762
6.359762
6.359762
6.359762
6.359762
6.359762
6.359762
6.359762
6.359762
6.359762
6.359762
6.359762
6.359762
6.359762
6.359762
6.359762
6.359762
6.359762
6.359762
6.359762
6.359762
21.359762
21.359762
21.359762
21.359762
6.359762
6.359762
6.359762
6.359762
6.359762
6.359762
6.359762
6.359762
6.359762
6.359762
6.359762
6.359762
6.359762
6.359762
6.359762
6.359762
6.359762
6.359762
6.359762
6.359762
6.359762
6.359762
6.359762
6.359762
6.359762
6.359762
6.359762
6.359762
6.359762
6.359762
6.359762
6.359762
21.359762
21.359762
21.359762
21.359762
6.359762
6.359762
6.359762
6.359762
6.359762
6.359762
6.359762
6.359762
6.359762
6.359762
6.359762
6.359762
6.359762
6.359762
6.359762
6.359762
6.359762
6.359762
6.359762
6.359762
6.359762
6.359762
6.359762
6.359762
6.359762
6.359762
6.359762
6.359762
6.359762
6.359762
6.359762
6.359762
21.359762
21.359762
21.359762
21.359762
6.359762
6.359762
6.359762
6.359762
6.359762
6.359762
6.359762
6.359762
6.359762
6.359762
6.359762
6.359762
6.359762
6.359762
6.359762
6.359762
6.359762
6.359762
6.359762
6.359762
6.359762
6.359762
6.359762
6.359762
6.359762
6.359762
6.359762
6.359762
6.359762
6.359762
6.359762
6.359762
21.359762
21.359762
21.359762
21.359762
6.359762
6.359762
6.359762
6.359762
6.359762
6.359762
6.359762
6.359762
6.359762
6.359762
6.359762
6.359762
6.359762
6.359762
6.359762
6.359762
6.359762
6.359762
6.359762
6.359762
6.359762
6.359762
6.359762
6.359762
6.359762
6.359762
6.359762
6.359762
6.359762
6.359762
6.359762
6.359762
21.359762
21.359762
21.359762
21.359762
6.359762
6.359762
6.359762
6.359762
6.359762
6.359762
6.359762
6.359762
6.359762
6.359762
6.359762
6.359762
6.359762
6.359762
6.359762
6.359762
6.359762
6.359762
6.359762
6.359762
6.359762
6.359762
6.359762
6.359762
6.359762
6.359762
6.359762
6.359762
6.359762
6.359762
6.359762
6.359762
21.359762
21.359762
21.359762
21.359762
6.359762
6.359762
6.359762
6.359762
6.359762
6.359762
6.359762
6.359762
6.359762
6.359762
6.359762
6.359762
6.359762
6.359762
6.359762
6.359762
6.359762
6.359762
6.359762
6.359762
6.359762
6.359762
6.359762
6.359762
6.359762
6.359762
6.359762
6.359762
6.359762
6.359762
6.359762
6.359762
21.359762
21.359762
21.359762
21.359762
6.359762
6.359762
6.359762
6.359762
6.359762
6.359762
6.359762
6.359762
6.359762
6.359762
6.359762
6.359762
6.359762
6.359762
6.359762
6.359762
6.359762
6.359762
6.359762
6.359762
6.359762
6.359762
6.359762
6.359762
6.359762
6.359762
6.359762
6.359762
6.359762
6.359762
6.359762
6.359762
21.359762
21.359762
21.359762
21.359762
6.359762
6.359762
6.359762
6.359762
6.359762
6.359762
6.359762
6.359762
6.359762
6.359762
6.359762
6.359762
6.359762
6.359762
6.359762
6.359762
6.359762
6.359762
6.359762
6.359762
6.359762
6.359762
6.359762
6.359762
6.359762
6.359762
6.359762
6.359762
6.359762
6.359762
6.359762
6.359762
21.359762
21.359762
21.359762
21.359762
6.359762
6.359762
6.359762
6.359762
6.359762
6.359762
6.359762
6.359762
6.359762
6.359762
6.359762
6.359762
6.359762
6.359762
6.359762
6.359762
6.359762
6.359762
6.359762
6.359762
6.359762
6.359762
6.359762
6.359762
6.359762
6.359762
6.359762
6.359762
6.359762
6.359762
6.359762
6.359762
21.359762
21.359762
21.359762
21.359762
6.359762
6.359762
6.359762
6.359762
6.359762
6.359762
6.359762
6.359762
6.359762
6.359762
6.359762
6.359762
6.359762
6.359762
6.359762
6.359762
6.359762
6.359762
6.359762
6.359762
6.359762
6.359762
6.359762
6.359762
6.359762
6.359762
6.359762
6.359762
6.359762
6.359762
6.359762
6.359762
21.359762
21.359762
21.359762
21.359762
6.359762
6.359762
6.359762
6.359762
6.359762
6.359762
6.359762
6.359762
6.359762
6.359762
6.359762
6.359762
6.359762
6.359762
6.359762
6.359762
6.359762
6.359762
6.359762
6.359762
6.359762
6.359762
6.359762
6.359762
6.359762
6.359762
6.359762
6.359762
6.359762
6.359762
6.359762
6.359762
21.359762
21.359762
21.359762
21.359762
6.359762
6.359762
6.359762
6.359762
6.359762
6.359762
6.359762
6.359762
6.359762
6.359762
6.359762
6.359762
6.359762
6.359762
6.359762
6.359762
6.359762
6.359762
6.359762
6.359762
6.359762
6.359762
6.359762
6.359762
6.359762
6.359762
6.359762
6.359762
6.359762
6.359762
6.359762
6.359762
21.359762
21.359762
21.359762
21.359762
6.359762
6.359762
6.359762
6.359762
6.359762
6.359762
6.359762
6.359762
6.359762
6.359762
6.359762
6.359762
6.359762
6.359762
6.359762
6.359762
6.359762
6.359762
6.359762
6.359762
6.359762
6.359762
6.359762
6.359762
6.359762
6.359762
6.359762
6.359762
6.359762
6.359762
6.359762
6.359762
21.359762
21.359762
21.359762
21.359762
6.359762
6.359762
6.359762
6.359762
6.359762
6.359762
6.359762
6.359762
6.359762
6.359762
6.359762
6.359762
6.359762
6.359762
6.359762
6.359762
6.359762
6.359762
6.359762
6.359762
6.359762
6.359762
6.359762
6.359762
6.359762
6.359762
6.359762
6.359762
6.359762
6.359762
6.359762
6.359762
21.359762
21.359762
21.359762
21.359762
6.359762
6.359762
6.359762
6.359762
6.359762
6.359762
6.359762
6.359762
6.359762
6.359762
6.359762
6.359762
6.359762
6.359762
6.359762
6.359762
6.359762
6.359762
6.359762
6.359762
6.359762
6.359762
6.359762
6.359762
6.359762
6.359762
6.359762
6.359762
6.359762
6.359762
6.359762
6.359762
21.359762
21.359762
21.359762
21.359762
6.359762
6.359762
6.359762
6.359762
6.359762
6.359762
6.359762
6.359762
6.359762
6.359762
6.359762
6.359762
6.359762
6.359762
6.359762
6.359762
6.359762
6.359762
6.359762
6.359762
6.359762
6.359762
6.359762
6.359762
6.359762
6.359762
6.359762
6.359762
6.359762
6.359762
6.359762
6.359762
21.359762
21.359762
21.359762
21.359762
6.359762
6.359762
6.359762
6.359762
6.359762
6.359762
6.359762
6.359762
6.359762
6.359762
6.359762
6.359762
6.359762
6.359762
6.359762
6.359762
6.359762
6.359762
6.359762
6.359762
6.359762
6.359762
6.359762
6.359762
6.359762
6.359762
6.359762
6.359762
6.359762
6.359762
6.359762
6.359762
21.359762
21.359762
21.359762
21.359762
6.359762
6.359762
6.359762
6.359762
6.359762
6.359762
6.359762
6.359762
6.359762
6.359762
6.359762
6.359762
6.359762
6.359762
6.359762
6.359762
6.359762
6.359762
6.359762
6.359762
6.359762
6.359762
6.359762
6.359762
6.359762
6.359762
6.359762
6.359762
6.359762
6.359762
6.359762
6.359762
21.359762
21.359762
21.359762
21.359762
6.359762
6.359762
6.359762
6.359762
6.359762
6.359762
6.359762
6.359762
6.359762
6.359762
6.359762
6.359762
6.359762
6.359762
6.359762
6.359762
6.359762
6.359762
6.359762
6.359762
6.359762
6.359762
6.359762
6.359762
6.359762
6.359762
6.359762
6.359762
6.359762
6.359762
6.359762
6.359762
21.359762
21.359762
21.359762
21.359762
6.359762
6.359762
6.359762
6.359762
6.359762
6.359762
6.359762
6.359762
6.359762
6.359762
6.359762
6.359762
6.359762
6.359762
6.359762
6.359762
6.359762
6.359762
6.359762
6.359762
6.359762
6.359762
6.359762
6.359762
6.359762
6.359762
6.359762
6.359762
6.359762
6.359762
6.359762
6.359762
21.359762
21.359762
21.359762
21.359762
6.359762
6.359762
6.359762
6.359762
6.359762
6.359762
6.359762
6.359762
6.359762
6.359762
6.359762
6.359762
6.359762
6.359762
6.359762
6.359762
6.359762
6.359762
6.359762
6.359762
6.359762
6.359762
6.359762
6.359762
6.359762
6.359762
6.359762
6.359762
6.359762
6.359762
6.359762
6.359762
21.359762
21.359762
21.359762
21.359762
6.359762
6.359762
6.359762
6.359762
6.359762
6.359762
6.359762
6.359762
6.359762
6.359762
6.359762
6.359762
6.359762
6.359762
6.359762
6.359762
6.359762
6.359762
6.359762
6.359762
6.359762
6.359762
6.359762
6.359762
6.359762
6.359762
6.359762
6.359762
6.359762
6.359762
6.359762
6.359762
21.359762
21.359762
21.359762
21.359762
21.359762
21.359762
21.359762
21.359762
21.359762
21.359762
21.359762
21.359762
21.359762
21.359762
21.359762
21.359762
21.359762
21.359762
21.359762
21.359762
21.359762
21.359762
21.359762
21.359762
21.359762
21.359762
21.359762
21.359762
21.359762
21.359762
21.359762
21.359762
21.359762
21.359762
21.359762
21.359762
21.359762
21.359762
21.359762
21.359762
21.359762
21.359762
21.359762
21.359762
21.359762
21.359762
21.359762
21.359762
21.359762
21.359762
21.359762
21.359762
21.359762
21.359762
21.359762
21.359762
21.359762
21.359762
21.359762
21.359762
21.359762
21.359762
21.359762
21.359762
21.359762
21.359762
21.359762
21.359762
21.359762
21.359762
21.359762
21.359762
21.359762
21.359762

/

stem	diameter	for	each	tree
&indivdiam
nodates = 1
values = 0.3 0.3 0.3 0.3 0.3 0.3 0.3 0.3 0.3 0.3 0.3 0.3 0.3 0.3 0.3 0.3 0.3 0.3 0.3 0.3 0.3 0.3 0.3 0.3 0.3 0.3 0.3 0.3 0.3 0.3 0.3 0.3 0.3 0.3 0.3 0.3 0.3 0.3 0.3 0.3 0.3 0.3 0.3 0.3 0.3 0.3 0.3 0.3 0.3 0.3 0.3 0.3 0.3 0.3 0.3 0.3 0.3 0.3 0.3 0.3 0.3 0.3 0.3 0.3 0.3 0.3 0.3 0.3 0.3 0.3 0.3 0.3 0.3 0.3 0.3 0.3 0.3 0.3 0.3 0.3 0.3 0.3 0.3 0.3 0.3 0.3 0.3 0.3 0.3 0.3 0.3 0.3 0.3 0.3 0.3 0.3 0.3 0.3 0.3 0.3 0.3 0.3 0.3 0.3 0.3 0.3 0.3 0.3 0.3 0.3 0.3 0.3 0.3 0.3 0.3 0.3 0.3 0.3 0.3 0.3 0.3 0.3 0.3 0.3 0.3 0.3 0.3 0.3 0.3 0.3 0.3 0.3 0.3 0.3 0.3 0.3 0.3 0.3 0.3 0.3 0.3 0.3 0.3 0.3 0.3 0.3 0.3 0.3 0.3 0.3 0.3 0.3 0.3 0.3 0.3 0.3 0.3 0.3 0.3 0.3 0.3 0.3 0.3 0.3 0.3 0.3 0.3 0.3 0.3 0.3 0.3 0.3 0.3 0.3 0.3 0.3 0.3 0.3 0.3 0.3 0.3 0.3 0.3 0.3 0.3 0.3 0.3 0.3 0.3 0.3 0.3 0.3 0.3 0.3 0.3 0.3 0.3 0.3 0.3 0.3 0.3 0.3 0.3 0.3 0.3 0.3 0.3 0.3 0.3 0.3 0.3 0.3 0.3 0.3 0.3 0.3 0.3 0.3 0.3 0.3 0.3 0.3 0.3 0.3 0.3 0.3 0.3 0.3 0.3 0.3 0.3 0.3 0.3 0.3 0.3 0.3 0.3 0.3 0.3 0.3 0.3 0.3 0.3 0.3 0.3 0.3 0.3 0.3 0.3 0.3 0.3 0.3 0.3 0.3 0.3 0.3 0.3 0.3 0.3 0.3 0.3 0.3 0.3 0.3 0.3 0.3 0.3 0.3 0.3 0.3 0.3 0.3 0.3 0.3 0.3 0.3 0.3 0.3 0.3 0.3 0.3 0.3 0.3 0.3 0.3 0.3 0.3 0.3 0.3 0.3 0.3 0.3 0.3 0.3 0.3 0.3 0.3 0.3 0.3 0.3 0.3 0.3 0.3 0.3 0.3 0.3 0.3 0.3 0.3 0.3 0.3 0.3 0.3 0.3 0.3 0.3 0.3 0.3 0.3 0.3 0.3 0.3 0.3 0.3 0.3 0.3 0.3 0.3 0.3 0.3 0.3 0.3 0.3 0.3 0.3 0.3 0.3 0.3 0.3 0.3 0.3 0.3 0.3 0.3 0.3 0.3 0.3 0.3 0.3 0.3 0.3 0.3 0.3 0.3 0.3 0.3 0.3 0.3 0.3 0.3 0.3 0.3 0.3 0.3 0.3 0.3 0.3 0.3 0.3 0.3 0.3 0.3 0.3 0.3 0.3 0.3 0.3 0.3 0.3 0.3 0.3 0.3 0.3 0.3 0.3 0.3 0.3 0.3 0.3 0.3 0.3 0.3 0.3 0.3 0.3 0.3 0.3 0.3 0.3 0.3 0.3 0.3 0.3 0.3 0.3 0.3 0.3 0.3 0.3 0.3 0.3 0.3 0.3 0.3 0.3 0.3 0.3 0.3 0.3 0.3 0.3 0.3 0.3 0.3 0.3 0.3 0.3 0.3 0.3 0.3 0.3 0.3 0.3 0.3 0.3 0.3 0.3 0.3 0.3 0.3 0.3 0.3 0.3 0.3 0.3 0.3 0.3 0.3 0.3 0.3 0.3 0.3 0.3 0.3 0.3 0.3 0.3 0.3 0.3 0.3 0.3 0.3 0.3 0.3 0.3 0.3 0.3 0.3 0.3 0.3 0.3 0.3 0.3 0.3 0.3 0.3 0.3 0.3 0.3 0.3 0.3 0.3 0.3 0.3 0.3 0.3 0.3 0.3 0.3 0.3 0.3 0.3 0.3 0.3 0.3 0.3 0.3 0.3 0.3 0.3 0.3 0.3 0.3 0.3 0.3 0.3 0.3 0.3 0.3 0.3 0.3 0.3 0.3 0.3 0.3 0.3 0.3 0.3 0.3 0.3 0.3 0.3 0.3 0.3 0.3 0.3 0.3 0.3 0.3 0.3 0.3 0.3 0.3 0.3 0.3 0.3 0.3 0.3 0.3 0.3 0.3 0.3 0.3 0.3 0.3 0.3 0.3 0.3 0.3 0.3 0.3 0.3 0.3 0.3 0.3 0.3 0.3 0.3 0.3 0.3 0.3 0.3 0.3 0.3 0.3 0.3 0.3 0.3 0.3 0.3 0.3 0.3 0.3 0.3 0.3 0.3 0.3 0.3 0.3 0.3 0.3 0.3 0.3 0.3 0.3 0.3 0.3 0.3 0.3 0.3 0.3 0.3 0.3 0.3 0.3 0.3 0.3 0.3 0.3 0.3 0.3 0.3 0.3 0.3 0.3 0.3 0.3 0.3 0.3 0.3 0.3 0.3 0.3 0.3 0.3 0.3 0.3 0.3 0.3 0.3 0.3 0.3 0.3 0.3 0.3 0.3 0.3 0.3 0.3 0.3 0.3 0.3 0.3 0.3 0.3 0.3 0.3 0.3 0.3 0.3 0.3 0.3 0.3 0.3 0.3 0.3 0.3 0.3 0.3 0.3 0.3 0.3 0.3 0.3 0.3 0.3 0.3 0.3 0.3 0.3 0.3 0.3 0.3 0.3 0.3 0.3 0.3 0.3 0.3 0.3 0.3 0.3 0.3 0.3 0.3 0.3 0.3 0.3 0.3 0.3 0.3 0.3 0.3 0.3 0.3 0.3 0.3 0.3 0.3 0.3 0.3 0.3 0.3 0.3 0.3 0.3 0.3 0.3 0.3 0.3 0.3 0.3 0.3 0.3 0.3 0.3 0.3 0.3 0.3 0.3 0.3 0.3 0.3 0.3 0.3 0.3 0.3 0.3 0.3 0.3 0.3 0.3 0.3 0.3 0.3 0.3 0.3 0.3 0.3 0.3 0.3 0.3 0.3 0.3 0.3 0.3 0.3 0.3 0.3 0.3 0.3 0.3 0.3 0.3 0.3 0.3 0.3 0.3 0.3 0.3 0.3 0.3 0.3 0.3 0.3 0.3 0.3 0.3 0.3 0.3 0.3 0.3 0.3 0.3 0.3 0.3 0.3 0.3 0.3 0.3 0.3 0.3 0.3 0.3 0.3 0.3 0.3 0.3 0.3 0.3 0.3 0.3 0.3 0.3 0.3 0.3 0.3 0.3 0.3 0.3 0.3 0.3 0.3 0.3 0.3 0.3 0.3 0.3 0.3 0.3 0.3 0.3 0.3 0.3 0.3 0.3 0.3 0.3 0.3 0.3 0.3 0.3 0.3 0.3 0.3 0.3 0.3 0.3 0.3 0.3 0.3 0.3 0.3 0.3 0.3 0.3 0.3 0.3 0.3 0.3 0.3 0.3 0.3 0.3 0.3 0.3 0.3 0.3 0.3 0.3 0.3 0.3 0.3 0.3 0.3 0.3 0.3 0.3 0.3 0.3 0.3 0.3 0.3 0.3 0.3 0.3 0.3 0.3 0.3 0.3 0.3 0.3 0.3 0.3 0.3 0.3 0.3 0.3 0.3 0.3 0.3 0.3 0.3 0.3 0.3 0.3 0.3 0.3 0.3 0.3 0.3 0.3 0.3 0.3 0.3 0.3 0.3 0.3 0.3 0.3 0.3 0.3 0.3 0.3 0.3 0.3 0.3 0.3 0.3 0.3 0.3 0.3 0.3 0.3 0.3 0.3 0.3 0.3 0.3 0.3 0.3 0.3 0.3 0.3 0.3 0.3 0.3 0.3 0.3 0.3 0.3 0.3 0.3 0.3 0.3 0.3 0.3 0.3 0.3 0.3 0.3 0.3 0.3 0.3 0.3 0.3 0.3 0.3 0.3 0.3 0.3 0.3 0.3 0.3 0.3 0.3 0.3 0.3 0.3 0.3 0.3 0.3 0.3 0.3 0.3 0.3 0.3 0.3 0.3 0.3 0.3 0.3 0.3 0.3 0.3 0.3 0.3 0.3 0.3 0.3 0.3 0.3 0.3 0.3 0.3 0.3 0.3 0.3 0.3 0.3 0.3 0.3 0.3 0.3 0.3 0.3 0.3 0.3 0.3 0.3 0.3 0.3 0.3 0.3 0.3 0.3 0.3 0.3 0.3 0.3 0.3 0.3 0.3 0.3 0.3 0.3 0.3 0.3 0.3 0.3 0.3 0.3 0.3 0.3 0.3 0.3 0.3 0.3 0.3 0.3 0.3 0.3 0.3 0.3 0.3 0.3 0.3 0.3 0.3 0.3 0.3 0.3 0.3 0.3 0.3 0.3 0.3 0.3 0.3 0.3 0.3 0.3 0.3 0.3 0.3 0.3 0.3 0.3 0.3 0.3 0.3 0.3 0.3 0.3 0.3 0.3 0.3 0.3 0.3 0.3 0.3 0.3 0.3 0.3 0.3 0.3 0.3 0.3 0.3 0.3 0.3 0.3 0.3 0.3 0.3 0.3 0.3 0.3 0.3 0.3 0.3 0.3 0.3 0.3 0.3 0.3 0.3 0.3 0.3 0.3 0.3 0.3 0.3 0.3 0.3 0.3 0.3 0.3 0.3 0.3 0.3 0.3 0.3 0.3 0.3 0.3 0.3 0.3 0.3 0.3 0.3 0.3 0.3 0.3 0.3 0.3 0.3 0.3 0.3 0.3 0.3 0.3 0.3 0.3 0.3 0.3 0.3 0.3 0.3 0.3 0.3 0.3 0.3 0.3 0.3 0.3 0.3 0.3 0.3 0.3 0.3 0.3 0.3 0.3 0.3 0.3 0.3 0.3 0.3 0.3 0.3 0.3 0.3 0.3 0.3 0.3 0.3 0.3 0.3 0.3 0.3 0.3 0.3 0.3 0.3 0.3 0.3 0.3 0.3 0.3 0.3 0.3 0.3 0.3 0.3 0.3 0.3 0.3 0.3 0.3 0.3 0.3 0.3 0.3 0.3 0.3 0.3 0.3 0.3 0.3 0.3 0.3 0.3 0.3 0.3 0.3 0.3 0.3 0.3 0.3 0.3 0.3 0.3 0.3 0.3 0.3 0.3 0.3 0.3 0.3 0.3 0.3 0.3 0.3 0.3 0.3 0.3 0.3 0.3 0.3 0.3 0.3 0.3 0.3 0.3 0.3 0.3 0.3 0.3 0.3 0.3 0.3 0.3 0.3 0.3 0.3 0.3 0.3 0.3 0.3 0.3 0.3 0.3 0.3 0.3 0.3 0.3 0.3 0.3 0.3 0.3 0.3 0.3 0.3 0.3 0.3 0.3 0.3 0.3 0.3 0.3 0.3 0.3 0.3 0.3 0.3 0.3 0.3 0.3 0.3 0.3 0.3 0.3 0.3 0.3 0.3 0.3 0.3 0.3 0.3 0.3 0.3 0.3 0.3 0.3 0.3 0.3 0.3 0.3 0.3 0.3 0.3 0.3 0.3 0.3 0.3
/

trunk	height
&indivhttrunk
nodates = 1
values = 1e-05 1e-05 1e-05 1e-05 1e-05 1e-05 1e-05 1e-05 1e-05 1e-05 1e-05 1e-05 1e-05 1e-05 1e-05 1e-05 1e-05 1e-05 1e-05 1e-05 1e-05 1e-05 1e-05 1e-05 1e-05 1e-05 1e-05 1e-05 1e-05 1e-05 1e-05 1e-05 1e-05 1e-05 1e-05 1e-05 1e-05 1e-05 1e-05 1e-05 1e-05 1e-05 1e-05 1e-05 1e-05 1e-05 1e-05 1e-05 1e-05 1e-05 1e-05 1e-05 1e-05 1e-05 1e-05 1e-05 1e-05 1e-05 1e-05 1e-05 1e-05 1e-05 1e-05 1e-05 1e-05 1e-05 1e-05 1e-05 1e-05 1e-05 1e-05 1e-05 1e-05 1e-05 13.12 15.44 14.34 15 15.11 14.12 14.15 14.8 16.77 12.71 15.89 15.5 16.59 14.54 15.56 15.4 14.19 16.81 16.74 16.05 17.38 15.84 13.09 14.14 13.16 14.29 14.07 15.06 13.63 15.24 14.02 17.65 1e-05 1e-05 1e-05 1e-05 14.05 14.31 17.15 14.02 14.69 14.41 14.52 14.58 15.74 14.73 14.24 17.01 14.68 14.73 14.85 16.07 14.89 14.94 13.98 14.51 15.09 14.12 15.8 12.72 15.46 12.7 14.55 14.21 14.02 14.91 12.13 16.76 1e-05 1e-05 1e-05 1e-05 18.13 15.03 13.07 12.54 15.68 14.97 14.52 13.61 12.77 13.39 16.5 14.07 12.92 17.8 15.64 14.64 16.59 16.33 14.07 18.31 14.62 12.86 14.78 15.31 18.46 15.16 15.69 14.88 14.5 14.95 16.18 18.11 1e-05 1e-05 1e-05 1e-05 15.33 12.8 15.78 14.76 17.2 13.85 14.35 13.61 14.73 15.6 13.9 16.25 13.19 13.43 17.16 13.48 15.62 14.43 15.61 17.53 17.38 14.5 11.57 18.75 16 15.81 14.98 15.77 14.75 15.63 14.4 12.94 1e-05 1e-05 1e-05 1e-05 15.96 14.93 12.4 15 14.05 14.49 13.27 17.7 14.5 12.59 15.3 15.39 13.52 10.67 14.04 15.86 14.91 14.85 15.84 13.22 16.65 14.99 16.06 16.55 15.34 13.68 16.74 12 14.18 14.62 14.75 16.53 1e-05 1e-05 1e-05 1e-05 16.04 16.72 11.4 15.86 15.56 14.36 16.43 14.42 14.57 16.29 17.58 15.41 14.37 13.22 14.5 13.59 14.61 15.59 13.72 18.97 15.23 16.7 11.57 16.11 13.03 16.38 15.6 14.39 16.99 13.95 14.13 13.5 1e-05 1e-05 1e-05 1e-05 14.41 15.56 15.37 12.86 17.67 15.2 16.15 16.43 14.92 14.54 16.34 13.43 17.96 14.42 17.48 17.27 15.12 15.85 13.46 15.48 16.57 15.15 14.32 14.02 14.95 16.6 14.27 14.82 13.06 15.74 16.96 17.25 1e-05 1e-05 1e-05 1e-05 14.47 15.26 13.7 16.02 14.51 12.65 14.45 17.05 14.5 16.1 16.42 15.01 14.47 14.21 16.11 13.4 15.37 14.57 11.6 12.89 16.37 14.71 16.2 17.83 17.21 16.02 15.57 14.71 17.37 15.89 13.24 14.77 1e-05 1e-05 1e-05 1e-05 14.05 14.36 14.75 15.92 16.02 15.85 14.14 12.96 14.42 15.42 13.77 14.9 13.25 14.99 15.19 14.78 14.75 17.65 16.14 16.67 13.62 15.25 16.73 14.92 11.81 15.52 12.14 13.78 16.99 15.92 16.64 15.46 1e-05 1e-05 1e-05 1e-05 13.93 16.3 16.61 17.84 14.1 14.41 14.38 14.44 14.45 14.56 17.16 13.95 14.42 15.98 16.69 13.84 14.24 15.79 16.53 14.62 12.86 17.56 17.15 13.93 14.9 12.36 15.85 17.42 12.54 13.83 14.04 13.98 1e-05 1e-05 1e-05 1e-05 15.89 14.7 16.34 14.96 14.03 15.97 14.35 17.66 14.97 16.28 15.31 10.49 12.95 14.36 15.36 11.49 16.44 14.09 13.87 12.67 12.82 15.08 15.76 11.85 13.49 15.8 14.32 18.25 16.87 15.89 15.01 15.42 1e-05 1e-05 1e-05 1e-05 13.78 12.57 14.84 15.66 17.03 13.02 15.55 15.35 16.79 14.96 14.46 13.28 14.22 14.46 18.53 18.67 14.75 13.43 12.04 15.77 13.36 18.43 13.67 15.17 20.72 13.34 15.46 13.34 15.52 13.69 15.12 14.55 1e-05 1e-05 1e-05 1e-05 12.94 14.63 16.74 13.33 11.21 13.6 13.55 15.07 14.39 15.35 14.37 15.56 14.45 16.79 13.89 15.44 13.67 15.31 14.93 12.47 14.78 16.77 16.02 15.21 13.21 16.75 15.12 14.32 17.46 13.85 15.46 16.92 1e-05 1e-05 1e-05 1e-05 15.77 15.03 16.98 14.9 13.95 15.81 11.7 15.59 15.75 14.66 13.32 14.41 17.32 13.88 11.5 16.22 14.25 14.23 13.18 14.97 16.05 14.12 14.09 16.64 14.63 14.76 14.06 16.35 13.51 16.27 16.21 14.3 1e-05 1e-05 1e-05 1e-05 12.06 13.25 12.94 15.25 17.38 17.52 15.73 16.32 14.78 15.7 15.56 13.86 14.56 14.8 17.09 13.44 11.83 16.15 13.78 14.35 16.36 13.86 14.49 17.25 15.79 15.81 14.79 13.29 12.76 14.66 18 15.33 1e-05 1e-05 1e-05 1e-05 19.01 14.36 14.55 12.31 14.63 14.63 14.62 12.32 17.68 17.65 16.03 13.35 16.07 14.63 14.52 17.04 13.16 14.23 13.9 15.03 12.64 13.95 16.07 15.7 13.54 15.84 11.35 14.49 16.07 14.01 14.95 12.61 1e-05 1e-05 1e-05 1e-05 15.09 13.76 17.74 12.86 15.38 10.59 15 15.76 13.37 16.06 15.5 16.46 13.73 13.54 12.34 2.25 12.99 16.03 15.11 18.28 13.26 16.77 14.21 12.82 15.86 12.85 13.42 13.9 15.32 13.5 16.62 13.2 1e-05 1e-05 1e-05 1e-05 14.02 16.44 17.33 13.44 16.4 14.89 12.05 13.87 15.69 15.22 11.34 15.87 15.98 14.54 13.94 17.96 14.87 14.98 13.31 12.98 12.72 14.37 17.04 17.63 17.35 16.95 14.64 13.16 14.51 11.38 14.53 17.49 1e-05 1e-05 1e-05 1e-05 17.62 14.88 13.54 15.11 12.72 16.3 15.75 14.47 14.27 16.4 13.41 13.52 15.64 14.32 16.39 14.7 16.79 15.74 11.63 13 16.92 16.04 13.55 12.98 16.55 13.78 17.7 17.66 12.82 13.73 13.12 16 1e-05 1e-05 1e-05 1e-05 16.23 14 14.98 15.93 13.08 14.81 15.26 17.54 15.96 16.92 15.21 13.33 14.49 12.5 16.39 17.13 14.91 13.53 16.63 15.21 14.42 16.69 13.86 16.72 13.74 15.59 16.34 13 15.6 14.83 16.01 13.82 1e-05 1e-05 1e-05 1e-05 14.67 13.46 14.98 13.16 11.11 16.75 13.37 12.26 16.49 14.98 14.1 14.73 14.36 16.49 16.09 12.41 15.53 16.09 16 11.36 14.65 17.97 16.2 12.44 12.5 15.74 14.74 16.44 15.44 15.12 15.28 15.25 1e-05 1e-05 1e-05 1e-05 14.18 17.7 16.52 14.15 15.31 16.75 18.35 15.45 13.44 13.52 18.01 11.89 19.58 14.61 14.32 15.24 16.4 15.45 12.07 15.53 15.68 15.99 13.45 11.44 14.51 13.58 13.85 13.57 14.4 14.53 16.19 16.48 1e-05 1e-05 1e-05 1e-05 14.92 12.45 15.35 14.82 17.66 15.52 14.07 14.34 14.24 15.28 15.26 16.37 15.48 14.45 13.59 15.95 14.91 15.27 16.66 17.63 13.57 17.47 13.7 15.4 15.33 14.58 17.09 14.01 15.99 14.98 13.6 16.82 1e-05 1e-05 1e-05 1e-05 15.4 13.32 15.98 13.45 15.99 15.36 16.07 13.59 15.14 14.31 12.8 15.23 17.66 14.03 14.7 16.03 15.05 17.92 16.11 18.48 15.52 13.3 15.63 13.61 13.49 14.72 16.4 15.52 16.22 16.37 14.74 11.4 1e-05 1e-05 1e-05 1e-05 14.45 13.6 14.94 16.01 16.3 15.35 13.6 16.22 17.02 18.38 14.26 15.71 16.79 14.83 15.79 15.32 14.8 15.25 16.45 15.61 14.3 11.64 13.81 14.97 11.23 18.32 12.77 13.26 17.19 11.72 16.11 14.48 1e-05 1e-05 1e-05 1e-05 10.5 13.56 15.57 15.76 18.04 15.1 15.7 15.11 14.27 16.12 15.7 15.19 13.78 14.94 16.17 16.01 14.28 14 15.77 16.57 15.18 14.53 13.68 14.37 12.78 13.95 16.7 16.67 13.69 15.32 15.1 12.51 1e-05 1e-05 1e-05 1e-05 14.19 14.68 12.57 12.82 15.53 14.74 14.11 13 13.35 18.05 14.51 16.16 16.18 16.14 15.44 13.12 13.49 16.13 13.04 15.79 14.2 14.4 13.82 14.65 16.32 15.68 14.65 16.31 17.48 14.99 15.71 15.42 1e-05 1e-05 1e-05 1e-05 16.11 15.22 15.73 15.23 15.06 15.34 13.48 18.6 16.2 14.62 16.82 14.06 17.57 14.41 11.52 17.05 16.7 13.84 12.88 12.25 14.6 12.25 13.78 15.25 16.28 13.77 14.81 15.38 17.58 13.56 12.59 12.23 1e-05 1e-05 1e-05 1e-05 15.59 15.34 15.04 14.07 16.89 14.39 16 15.25 17.67 16.07 14.49 14.99 14.81 11.86 17.55 16.6 13.85 15.57 15.36 13.3 17.23 14.63 15.28 15.61 13.51 13.37 14.93 15.86 15.11 16.06 15.5 15.82 1e-05 1e-05 1e-05 1e-05 14.84 12.53 14.85 14.34 13.92 14.17 16.87 13.11 14.68 11.29 13.99 14.25 17.31 13.56 13.69 12.9 15.27 16.73 13.2 14.36 17.05 13.97 16.03 15.58 13.04 16.83 16.19 14.27 13.64 14.41 16.22 14.15 1e-05 1e-05 1e-05 1e-05 14.64 13.17 15.18 14.8 14.95 14.07 13.94 16.31 15.16 14.72 10.18 13.09 16.14 14.39 13.19 14.34 14.44 14.25 15.74 17.28 16.48 16.87 14.51 16.27 13.53 14.79 18.28 14.98 14.54 14.12 16.16 18.16 1e-05 1e-05 1e-05 1e-05 16.7 14.37 13.47 16.83 12.3 14.54 15.02 14.34 12.54 14.04 12.66 17.88 12.21 11.84 16.05 16.36 14.71 14.69 16.09 17.1 12.61 16.96 15.29 14.49 16.9 16.41 16.92 14.56 16.16 15.44 14.22 17.64 1e-05 1e-05 1e-05 1e-05 1e-05 1e-05 1e-05 1e-05 1e-05 1e-05 1e-05 1e-05 1e-05 1e-05 1e-05 1e-05 1e-05 1e-05 1e-05 1e-05 1e-05 1e-05 1e-05 1e-05 1e-05 1e-05 1e-05 1e-05 1e-05 1e-05 1e-05 1e-05 1e-05 1e-05 1e-05 1e-05 1e-05 1e-05 1e-05 1e-05 1e-05 1e-05 1e-05 1e-05 1e-05 1e-05 1e-05 1e-05 1e-05 1e-05 1e-05 1e-05 1e-05 1e-05 1e-05 1e-05 1e-05 1e-05 1e-05 1e-05 1e-05 1e-05 1e-05 1e-05 1e-05 1e-05 1e-05 1e-05 1e-05 1e-05 1e-05 1e-05 1e-05 1e-05
/

leaf	area
&indivlarea
nodates = 1
values = 2000
2000
2000
2000
2000
2000
2000
2000
2000
2000
2000
2000
2000
2000
2000
2000
2000
2000
2000
2000
2000
2000
2000
2000
2000
2000
2000
2000
2000
2000
2000
2000
2000
2000
2000
2000
2000
2000
2000
2000
2000
2000
2000
2000
2000
2000
2000
2000
2000
2000
2000
2000
2000
2000
2000
2000
2000
2000
2000
2000
2000
2000
2000
2000
2000
2000
2000
2000
2000
2000
2000
2000
2000
2000
27
27
27
27
27
27
27
27
27
27
27
27
27
27
27
27
27
27
27
27
27
27
27
27
27
27
27
27
27
27
27
27
2000
2000
2000
2000
27
27
27
27
27
27
27
27
27
27
27
27
27
27
27
27
27
27
27
27
27
27
27
27
27
27
27
27
27
27
27
27
2000
2000
2000
2000
27
27
27
27
27
27
27
27
27
27
27
27
27
27
27
27
27
27
27
27
27
27
27
27
27
27
27
27
27
27
27
27
2000
2000
2000
2000
27
27
27
27
27
27
27
27
27
27
27
27
27
27
27
27
27
27
27
27
27
27
27
27
27
27
27
27
27
27
27
27
2000
2000
2000
2000
27
27
27
27
27
27
27
27
27
27
27
27
27
27
27
27
27
27
27
27
27
27
27
27
27
27
27
27
27
27
27
27
2000
2000
2000
2000
27
27
27
27
27
27
27
27
27
27
27
27
27
27
27
27
27
27
27
27
27
27
27
27
27
27
27
27
27
27
27
27
2000
2000
2000
2000
27
27
27
27
27
27
27
27
27
27
27
27
27
27
27
27
27
27
27
27
27
27
27
27
27
27
27
27
27
27
27
27
2000
2000
2000
2000
27
27
27
27
27
27
27
27
27
27
27
27
27
27
27
27
27
27
27
27
27
27
27
27
27
27
27
27
27
27
27
27
2000
2000
2000
2000
27
27
27
27
27
27
27
27
27
27
27
27
27
27
27
27
27
27
27
27
27
27
27
27
27
27
27
27
27
27
27
27
2000
2000
2000
2000
27
27
27
27
27
27
27
27
27
27
27
27
27
27
27
27
27
27
27
27
27
27
27
27
27
27
27
27
27
27
27
27
2000
2000
2000
2000
27
27
27
27
27
27
27
27
27
27
27
27
27
27
27
27
27
27
27
27
27
27
27
27
27
27
27
27
27
27
27
27
2000
2000
2000
2000
27
27
27
27
27
27
27
27
27
27
27
27
27
27
27
27
27
27
27
27
27
27
27
27
27
27
27
27
27
27
27
27
2000
2000
2000
2000
27
27
27
27
27
27
27
27
27
27
27
27
27
27
27
27
27
27
27
27
27
27
27
27
27
27
27
27
27
27
27
27
2000
2000
2000
2000
27
27
27
27
27
27
27
27
27
27
27
27
27
27
27
27
27
27
27
27
27
27
27
27
27
27
27
27
27
27
27
27
2000
2000
2000
2000
27
27
27
27
27
27
27
27
27
27
27
27
27
27
27
27
27
27
27
27
27
27
27
27
27
27
27
27
27
27
27
27
2000
2000
2000
2000
27
27
27
27
27
27
27
27
27
27
27
27
27
27
27
27
27
27
27
27
27
27
27
27
27
27
27
27
27
27
27
27
2000
2000
2000
2000
27
27
27
27
27
27
27
27
27
27
27
27
27
27
27
40
27
27
27
27
27
27
27
27
27
27
27
27
27
27
27
27
2000
2000
2000
2000
27
27
27
27
27
27
27
27
27
27
27
27
27
27
27
27
27
27
27
27
27
27
27
27
27
27
27
27
27
27
27
27
2000
2000
2000
2000
27
27
27
27
27
27
27
27
27
27
27
27
27
27
27
27
27
27
27
27
27
27
27
27
27
27
27
27
27
27
27
27
2000
2000
2000
2000
27
27
27
27
27
27
27
27
27
27
27
27
27
27
27
27
27
27
27
27
27
27
27
27
27
27
27
27
27
27
27
27
2000
2000
2000
2000
27
27
27
27
27
27
27
27
27
27
27
27
27
27
27
27
27
27
27
27
27
27
27
27
27
27
27
27
27
27
27
27
2000
2000
2000
2000
27
27
27
27
27
27
27
27
27
27
27
27
27
27
27
27
27
27
27
27
27
27
27
27
27
27
27
27
27
27
27
27
2000
2000
2000
2000
27
27
27
27
27
27
27
27
27
27
27
27
27
27
27
27
27
27
27
27
27
27
27
27
27
27
27
27
27
27
27
27
2000
2000
2000
2000
27
27
27
27
27
27
27
27
27
27
27
27
27
27
27
27
27
27
27
27
27
27
27
27
27
27
27
27
27
27
27
27
2000
2000
2000
2000
27
27
27
27
27
27
27
27
27
27
27
27
27
27
27
27
27
27
27
27
27
27
27
27
27
27
27
27
27
27
27
27
2000
2000
2000
2000
27
27
27
27
27
27
27
27
27
27
27
27
27
27
27
27
27
27
27
27
27
27
27
27
27
27
27
27
27
27
27
27
2000
2000
2000
2000
27
27
27
27
27
27
27
27
27
27
27
27
27
27
27
27
27
27
27
27
27
27
27
27
27
27
27
27
27
27
27
27
2000
2000
2000
2000
27
27
27
27
27
27
27
27
27
27
27
27
27
27
27
27
27
27
27
27
27
27
27
27
27
27
27
27
27
27
27
27
2000
2000
2000
2000
27
27
27
27
27
27
27
27
27
27
27
27
27
27
27
27
27
27
27
27
27
27
27
27
27
27
27
27
27
27
27
27
2000
2000
2000
2000
27
27
27
27
27
27
27
27
27
27
27
27
27
27
27
27
27
27
27
27
27
27
27
27
27
27
27
27
27
27
27
27
2000
2000
2000
2000
27
27
27
27
27
27
27
27
27
27
27
27
27
27
27
27
27
27
27
27
27
27
27
27
27
27
27
27
27
27
27
27
2000
2000
2000
2000
27
27
27
27
27
27
27
27
27
27
27
27
27
27
27
27
27
27
27
27
27
27
27
27
27
27
27
27
27
27
27
27
2000
2000
2000
2000
2000
2000
2000
2000
2000
2000
2000
2000
2000
2000
2000
2000
2000
2000
2000
2000
2000
2000
2000
2000
2000
2000
2000
2000
2000
2000
2000
2000
2000
2000
2000
2000
2000
2000
2000
2000
2000
2000
2000
2000
2000
2000
2000
2000
2000
2000
2000
2000
2000
2000
2000
2000
2000
2000
2000
2000
2000
2000
2000
2000
2000
2000
2000
2000
2000
2000
2000
2000
2000
2000 

/

