Example trees file.

&plot
x0 = 0
y0 = 0
xmax = 196
ymax = 196
xslope = 0
yslope = 0
bearing = 45
notrees = 625
/

&aerodyn
zht	=	30
zpd	=	16
z0ht	=	3
/

&xy
xycoords = 0 0
0 8.17
0 16.33
0 24.5
0 32.67
0 40.83
0 49
0 57.17
0 65.33
0 73.5
0 81.67
0 89.83
0 98
0 106.17
0 114.33
0 122.5
0 130.67
0 138.83
0 147
0 155.17
0 163.33
0 171.5
0 179.67
0 187.83
0 196
8.17 0
8.17 8.17
8.17 16.33
8.17 24.5
8.17 32.67
8.17 40.83
8.17 49
8.17 57.17
8.17 65.33
8.17 73.5
8.17 81.67
8.17 89.83
8.17 98
8.17 106.17
8.17 114.33
8.17 122.5
8.17 130.67
8.17 138.83
8.17 147
8.17 155.17
8.17 163.33
8.17 171.5
8.17 179.67
8.17 187.83
8.17 196
16.33 0
16.33 8.17
16.33 16.33
16.33 24.5
16.33 32.67
16.33 40.83
16.33 49
16.33 57.17
16.33 65.33
16.33 73.5
16.33 81.67
16.33 89.83
16.33 98
16.33 106.17
16.33 114.33
16.33 122.5
16.33 130.67
16.33 138.83
16.33 147
16.33 155.17
16.33 163.33
16.33 171.5
16.33 179.67
16.33 187.83
16.33 196
24.5 0
24.5 8.17
24.5 16.33
24.5 24.5
24.5 32.67
24.5 40.83
24.5 49
24.5 57.17
24.5 65.33
24.5 73.5
24.5 81.67
24.5 89.83
24.5 98
24.5 106.17
24.5 114.33
24.5 122.5
24.5 130.67
24.5 138.83
24.5 147
24.5 155.17
24.5 163.33
24.5 171.5
24.5 179.67
24.5 187.83
24.5 196
32.67 0
32.67 8.17
32.67 16.33
32.67 24.5
32.67 32.67
32.67 40.83
32.67 49
32.67 57.17
32.67 65.33
32.67 73.5
32.67 81.67
32.67 89.83
32.67 98
32.67 106.17
32.67 114.33
32.67 122.5
32.67 130.67
32.67 138.83
32.67 147
32.67 155.17
32.67 163.33
32.67 171.5
32.67 179.67
32.67 187.83
32.67 196
40.83 0
40.83 8.17
40.83 16.33
40.83 24.5
40.83 32.67
40.83 40.83
40.83 49
40.83 57.17
40.83 65.33
40.83 73.5
40.83 81.67
40.83 89.83
40.83 98
40.83 106.17
40.83 114.33
40.83 122.5
40.83 130.67
40.83 138.83
40.83 147
40.83 155.17
40.83 163.33
40.83 171.5
40.83 179.67
40.83 187.83
40.83 196
49 0
49 8.17
49 16.33
49 24.5
49 32.67
49 40.83
49 49
49 57.17
49 65.33
49 73.5
49 81.67
49 89.83
49 98
49 106.17
49 114.33
49 122.5
49 130.67
49 138.83
49 147
49 155.17
49 163.33
49 171.5
49 179.67
49 187.83
49 196
57.17 0
57.17 8.17
57.17 16.33
57.17 24.5
57.17 32.67
57.17 40.83
57.17 49
57.17 57.17
57.17 65.33
57.17 73.5
57.17 81.67
57.17 89.83
57.17 98
57.17 106.17
57.17 114.33
57.17 122.5
57.17 130.67
57.17 138.83
57.17 147
57.17 155.17
57.17 163.33
57.17 171.5
57.17 179.67
57.17 187.83
57.17 196
65.33 0
65.33 8.17
65.33 16.33
65.33 24.5
65.33 32.67
65.33 40.83
65.33 49
65.33 57.17
65.33 65.33
65.33 73.5
65.33 81.67
65.33 89.83
65.33 98
65.33 106.17
65.33 114.33
65.33 122.5
65.33 130.67
65.33 138.83
65.33 147
65.33 155.17
65.33 163.33
65.33 171.5
65.33 179.67
65.33 187.83
65.33 196
73.5 0
73.5 8.17
73.5 16.33
73.5 24.5
73.5 32.67
73.5 40.83
73.5 49
73.5 57.17
73.5 65.33
73.5 73.5
73.5 81.67
73.5 89.83
73.5 98
73.5 106.17
73.5 114.33
73.5 122.5
73.5 130.67
73.5 138.83
73.5 147
73.5 155.17
73.5 163.33
73.5 171.5
73.5 179.67
73.5 187.83
73.5 196
81.67 0
81.67 8.17
81.67 16.33
81.67 24.5
81.67 32.67
81.67 40.83
81.67 49
81.67 57.17
81.67 65.33
81.67 73.5
81.67 81.67
81.67 89.83
81.67 98
81.67 106.17
81.67 114.33
81.67 122.5
81.67 130.67
81.67 138.83
81.67 147
81.67 155.17
81.67 163.33
81.67 171.5
81.67 179.67
81.67 187.83
81.67 196
89.83 0
89.83 8.17
89.83 16.33
89.83 24.5
89.83 32.67
89.83 40.83
89.83 49
89.83 57.17
89.83 65.33
89.83 73.5
89.83 81.67
89.83 89.83
89.83 98
89.83 106.17
89.83 114.33
89.83 122.5
89.83 130.67
89.83 138.83
89.83 147
89.83 155.17
89.83 163.33
89.83 171.5
89.83 179.67
89.83 187.83
89.83 196
98 0
98 8.17
98 16.33
98 24.5
98 32.67
98 40.83
98 49
98 57.17
98 65.33
98 73.5
98 81.67
98 89.83
98 98
98 106.17
98 114.33
98 122.5
98 130.67
98 138.83
98 147
98 155.17
98 163.33
98 171.5
98 179.67
98 187.83
98 196
106.17 0
106.17 8.17
106.17 16.33
106.17 24.5
106.17 32.67
106.17 40.83
106.17 49
106.17 57.17
106.17 65.33
106.17 73.5
106.17 81.67
106.17 89.83
106.17 98
106.17 106.17
106.17 114.33
106.17 122.5
106.17 130.67
106.17 138.83
106.17 147
106.17 155.17
106.17 163.33
106.17 171.5
106.17 179.67
106.17 187.83
106.17 196
114.33 0
114.33 8.17
114.33 16.33
114.33 24.5
114.33 32.67
114.33 40.83
114.33 49
114.33 57.17
114.33 65.33
114.33 73.5
114.33 81.67
114.33 89.83
114.33 98
114.33 106.17
114.33 114.33
114.33 122.5
114.33 130.67
114.33 138.83
114.33 147
114.33 155.17
114.33 163.33
114.33 171.5
114.33 179.67
114.33 187.83
114.33 196
122.5 0
122.5 8.17
122.5 16.33
122.5 24.5
122.5 32.67
122.5 40.83
122.5 49
122.5 57.17
122.5 65.33
122.5 73.5
122.5 81.67
122.5 89.83
122.5 98
122.5 106.17
122.5 114.33
122.5 122.5
122.5 130.67
122.5 138.83
122.5 147
122.5 155.17
122.5 163.33
122.5 171.5
122.5 179.67
122.5 187.83
122.5 196
130.67 0
130.67 8.17
130.67 16.33
130.67 24.5
130.67 32.67
130.67 40.83
130.67 49
130.67 57.17
130.67 65.33
130.67 73.5
130.67 81.67
130.67 89.83
130.67 98
130.67 106.17
130.67 114.33
130.67 122.5
130.67 130.67
130.67 138.83
130.67 147
130.67 155.17
130.67 163.33
130.67 171.5
130.67 179.67
130.67 187.83
130.67 196
138.83 0
138.83 8.17
138.83 16.33
138.83 24.5
138.83 32.67
138.83 40.83
138.83 49
138.83 57.17
138.83 65.33
138.83 73.5
138.83 81.67
138.83 89.83
138.83 98
138.83 106.17
138.83 114.33
138.83 122.5
138.83 130.67
138.83 138.83
138.83 147
138.83 155.17
138.83 163.33
138.83 171.5
138.83 179.67
138.83 187.83
138.83 196
147 0
147 8.17
147 16.33
147 24.5
147 32.67
147 40.83
147 49
147 57.17
147 65.33
147 73.5
147 81.67
147 89.83
147 98
147 106.17
147 114.33
147 122.5
147 130.67
147 138.83
147 147
147 155.17
147 163.33
147 171.5
147 179.67
147 187.83
147 196
155.17 0
155.17 8.17
155.17 16.33
155.17 24.5
155.17 32.67
155.17 40.83
155.17 49
155.17 57.17
155.17 65.33
155.17 73.5
155.17 81.67
155.17 89.83
155.17 98
155.17 106.17
155.17 114.33
155.17 122.5
155.17 130.67
155.17 138.83
155.17 147
155.17 155.17
155.17 163.33
155.17 171.5
155.17 179.67
155.17 187.83
155.17 196
163.33 0
163.33 8.17
163.33 16.33
163.33 24.5
163.33 32.67
163.33 40.83
163.33 49
163.33 57.17
163.33 65.33
163.33 73.5
163.33 81.67
163.33 89.83
163.33 98
163.33 106.17
163.33 114.33
163.33 122.5
163.33 130.67
163.33 138.83
163.33 147
163.33 155.17
163.33 163.33
163.33 171.5
163.33 179.67
163.33 187.83
163.33 196
171.5 0
171.5 8.17
171.5 16.33
171.5 24.5
171.5 32.67
171.5 40.83
171.5 49
171.5 57.17
171.5 65.33
171.5 73.5
171.5 81.67
171.5 89.83
171.5 98
171.5 106.17
171.5 114.33
171.5 122.5
171.5 130.67
171.5 138.83
171.5 147
171.5 155.17
171.5 163.33
171.5 171.5
171.5 179.67
171.5 187.83
171.5 196
179.67 0
179.67 8.17
179.67 16.33
179.67 24.5
179.67 32.67
179.67 40.83
179.67 49
179.67 57.17
179.67 65.33
179.67 73.5
179.67 81.67
179.67 89.83
179.67 98
179.67 106.17
179.67 114.33
179.67 122.5
179.67 130.67
179.67 138.83
179.67 147
179.67 155.17
179.67 163.33
179.67 171.5
179.67 179.67
179.67 187.83
179.67 196
187.83 0
187.83 8.17
187.83 16.33
187.83 24.5
187.83 32.67
187.83 40.83
187.83 49
187.83 57.17
187.83 65.33
187.83 73.5
187.83 81.67
187.83 89.83
187.83 98
187.83 106.17
187.83 114.33
187.83 122.5
187.83 130.67
187.83 138.83
187.83 147
187.83 155.17
187.83 163.33
187.83 171.5
187.83 179.67
187.83 187.83
187.83 196
196 0
196 8.17
196 16.33
196 24.5
196 32.67
196 40.83
196 49
196 57.17
196 65.33
196 73.5
196 81.67
196 89.83
196 98
196 106.17
196 114.33
196 122.5
196 130.67
196 138.83
196 147
196 155.17
196 163.33
196 171.5
196 179.67
196 187.83
196 196

/

crown	radius	in	the	x-direction.
&indivradx
nodates = 1
values = 13
13
13
13
13
13
13
13
13
13
13
13
13
13
13
13
13
13
13
13
13
13
13
13
13
13
13
13
13
13
13
13
13
13
13
13
13
13
13
13
13
13
13
13
13
13
13
13
13
13
13
13
2.5439045
2.5439045
2.5439045
2.5439045
2.5439045
2.5439045
2.5439045
2.5439045
2.5439045
2.5439045
2.5439045
2.5439045
2.5439045
2.5439045
2.5439045
2.5439045
2.5439045
2.5439045
2.5439045
2.5439045
2.5439045
13
13
13
13
2.5439045
2.5439045
2.5439045
2.5439045
2.5439045
2.5439045
2.5439045
2.5439045
2.5439045
2.5439045
2.5439045
2.5439045
2.5439045
2.5439045
2.5439045
2.5439045
2.5439045
2.5439045
2.5439045
2.5439045
2.5439045
13
13
13
13
2.5439045
2.5439045
2.5439045
2.5439045
2.5439045
2.5439045
2.5439045
2.5439045
2.5439045
2.5439045
2.5439045
2.5439045
2.5439045
2.5439045
2.5439045
2.5439045
2.5439045
2.5439045
2.5439045
2.5439045
2.5439045
13
13
13
13
2.5439045
2.5439045
2.5439045
2.5439045
2.5439045
2.5439045
2.5439045
2.5439045
2.5439045
2.5439045
2.5439045
2.5439045
2.5439045
2.5439045
2.5439045
2.5439045
2.5439045
2.5439045
2.5439045
2.5439045
2.5439045
13
13
13
13
2.5439045
2.5439045
2.5439045
2.5439045
2.5439045
2.5439045
2.5439045
2.5439045
2.5439045
2.5439045
2.5439045
2.5439045
2.5439045
2.5439045
2.5439045
2.5439045
2.5439045
2.5439045
2.5439045
2.5439045
2.5439045
13
13
13
13
2.5439045
2.5439045
2.5439045
2.5439045
2.5439045
2.5439045
2.5439045
2.5439045
2.5439045
2.5439045
2.5439045
2.5439045
2.5439045
2.5439045
2.5439045
2.5439045
2.5439045
2.5439045
2.5439045
2.5439045
2.5439045
13
13
13
13
2.5439045
2.5439045
2.5439045
2.5439045
2.5439045
2.5439045
2.5439045
2.5439045
2.5439045
2.5439045
2.5439045
2.5439045
2.5439045
2.5439045
2.5439045
2.5439045
2.5439045
2.5439045
2.5439045
2.5439045
2.5439045
13
13
13
13
2.5439045
2.5439045
2.5439045
2.5439045
2.5439045
2.5439045
2.5439045
2.5439045
2.5439045
2.5439045
2.5439045
2.5439045
2.5439045
2.5439045
2.5439045
2.5439045
2.5439045
2.5439045
2.5439045
2.5439045
2.5439045
13
13
13
13
2.5439045
2.5439045
2.5439045
2.5439045
2.5439045
2.5439045
2.5439045
2.5439045
2.5439045
2.5439045
2.5439045
2.5439045
2.5439045
2.5439045
2.5439045
2.5439045
2.5439045
2.5439045
2.5439045
2.5439045
2.5439045
13
13
13
13
2.5439045
2.5439045
2.5439045
2.5439045
2.5439045
2.5439045
2.5439045
2.5439045
2.5439045
2.5439045
2.5439045
2.5439045
2.5439045
2.5439045
2.5439045
2.5439045
2.5439045
2.5439045
2.5439045
2.5439045
2.5439045
13
13
13
13
2.5439045
2.5439045
2.5439045
2.5439045
2.5439045
2.5439045
2.5439045
2.5439045
2.5439045
2.5439045
2.5439045
2.5439045
2.5439045
2.5439045
2.5439045
2.5439045
2.5439045
2.5439045
2.5439045
2.5439045
2.5439045
13
13
13
13
2.5439045
2.5439045
2.5439045
2.5439045
2.5439045
2.5439045
2.5439045
2.5439045
2.5439045
2.5439045
2.5439045
2.5439045
2.5439045
2.5439045
2.5439045
2.5439045
2.5439045
2.5439045
2.5439045
2.5439045
2.5439045
13
13
13
13
2.5439045
2.5439045
2.5439045
2.5439045
2.5439045
2.5439045
2.5439045
2.5439045
2.5439045
2.5439045
2.5439045
2.5439045
2.5439045
2.5439045
2.5439045
2.5439045
2.5439045
2.5439045
2.5439045
2.5439045
2.5439045
13
13
13
13
2.5439045
2.5439045
2.5439045
2.5439045
2.5439045
2.5439045
2.5439045
2.5439045
2.5439045
2.5439045
2.5439045
2.5439045
2.5439045
2.5439045
2.5439045
2.5439045
2.5439045
2.5439045
2.5439045
2.5439045
2.5439045
13
13
13
13
2.5439045
2.5439045
2.5439045
2.5439045
2.5439045
2.5439045
2.5439045
2.5439045
2.5439045
2.5439045
2.5439045
2.5439045
2.5439045
2.5439045
2.5439045
2.5439045
2.5439045
2.5439045
2.5439045
2.5439045
2.5439045
13
13
13
13
2.5439045
2.5439045
2.5439045
2.5439045
2.5439045
2.5439045
2.5439045
2.5439045
2.5439045
2.5439045
2.5439045
2.5439045
2.5439045
2.5439045
2.5439045
2.5439045
2.5439045
2.5439045
2.5439045
2.5439045
2.5439045
13
13
13
13
2.5439045
2.5439045
2.5439045
2.5439045
2.5439045
2.5439045
2.5439045
2.5439045
2.5439045
2.5439045
2.5439045
2.5439045
2.5439045
2.5439045
2.5439045
2.5439045
2.5439045
2.5439045
2.5439045
2.5439045
2.5439045
13
13
13
13
2.5439045
2.5439045
2.5439045
2.5439045
2.5439045
2.5439045
2.5439045
2.5439045
2.5439045
2.5439045
2.5439045
2.5439045
2.5439045
2.5439045
2.5439045
2.5439045
2.5439045
2.5439045
2.5439045
2.5439045
2.5439045
13
13
13
13
2.5439045
2.5439045
2.5439045
2.5439045
2.5439045
2.5439045
2.5439045
2.5439045
2.5439045
2.5439045
2.5439045
2.5439045
2.5439045
2.5439045
2.5439045
2.5439045
2.5439045
2.5439045
2.5439045
2.5439045
2.5439045
13
13
13
13
2.5439045
2.5439045
2.5439045
2.5439045
2.5439045
2.5439045
2.5439045
2.5439045
2.5439045
2.5439045
2.5439045
2.5439045
2.5439045
2.5439045
2.5439045
2.5439045
2.5439045
2.5439045
2.5439045
2.5439045
2.5439045
13
13
13
13
2.5439045
2.5439045
2.5439045
2.5439045
2.5439045
2.5439045
2.5439045
2.5439045
2.5439045
2.5439045
2.5439045
2.5439045
2.5439045
2.5439045
2.5439045
2.5439045
2.5439045
2.5439045
2.5439045
2.5439045
2.5439045
13
13
13
13
13
13
13
13
13
13
13
13
13
13
13
13
13
13
13
13
13
13
13
13
13
13
13
13
13
13
13
13
13
13
13
13
13
13
13
13
13
13
13
13
13
13
13
13
13
13
13
13

/

crown	radius	in	the	y-direction.
&indivrady
nodates = 1
values = 13
13
13
13
13
13
13
13
13
13
13
13
13
13
13
13
13
13
13
13
13
13
13
13
13
13
13
13
13
13
13
13
13
13
13
13
13
13
13
13
13
13
13
13
13
13
13
13
13
13
13
13
2.5439045
2.5439045
2.5439045
2.5439045
2.5439045
2.5439045
2.5439045
2.5439045
2.5439045
2.5439045
2.5439045
2.5439045
2.5439045
2.5439045
2.5439045
2.5439045
2.5439045
2.5439045
2.5439045
2.5439045
2.5439045
13
13
13
13
2.5439045
2.5439045
2.5439045
2.5439045
2.5439045
2.5439045
2.5439045
2.5439045
2.5439045
2.5439045
2.5439045
2.5439045
2.5439045
2.5439045
2.5439045
2.5439045
2.5439045
2.5439045
2.5439045
2.5439045
2.5439045
13
13
13
13
2.5439045
2.5439045
2.5439045
2.5439045
2.5439045
2.5439045
2.5439045
2.5439045
2.5439045
2.5439045
2.5439045
2.5439045
2.5439045
2.5439045
2.5439045
2.5439045
2.5439045
2.5439045
2.5439045
2.5439045
2.5439045
13
13
13
13
2.5439045
2.5439045
2.5439045
2.5439045
2.5439045
2.5439045
2.5439045
2.5439045
2.5439045
2.5439045
2.5439045
2.5439045
2.5439045
2.5439045
2.5439045
2.5439045
2.5439045
2.5439045
2.5439045
2.5439045
2.5439045
13
13
13
13
2.5439045
2.5439045
2.5439045
2.5439045
2.5439045
2.5439045
2.5439045
2.5439045
2.5439045
2.5439045
2.5439045
2.5439045
2.5439045
2.5439045
2.5439045
2.5439045
2.5439045
2.5439045
2.5439045
2.5439045
2.5439045
13
13
13
13
2.5439045
2.5439045
2.5439045
2.5439045
2.5439045
2.5439045
2.5439045
2.5439045
2.5439045
2.5439045
2.5439045
2.5439045
2.5439045
2.5439045
2.5439045
2.5439045
2.5439045
2.5439045
2.5439045
2.5439045
2.5439045
13
13
13
13
2.5439045
2.5439045
2.5439045
2.5439045
2.5439045
2.5439045
2.5439045
2.5439045
2.5439045
2.5439045
2.5439045
2.5439045
2.5439045
2.5439045
2.5439045
2.5439045
2.5439045
2.5439045
2.5439045
2.5439045
2.5439045
13
13
13
13
2.5439045
2.5439045
2.5439045
2.5439045
2.5439045
2.5439045
2.5439045
2.5439045
2.5439045
2.5439045
2.5439045
2.5439045
2.5439045
2.5439045
2.5439045
2.5439045
2.5439045
2.5439045
2.5439045
2.5439045
2.5439045
13
13
13
13
2.5439045
2.5439045
2.5439045
2.5439045
2.5439045
2.5439045
2.5439045
2.5439045
2.5439045
2.5439045
2.5439045
2.5439045
2.5439045
2.5439045
2.5439045
2.5439045
2.5439045
2.5439045
2.5439045
2.5439045
2.5439045
13
13
13
13
2.5439045
2.5439045
2.5439045
2.5439045
2.5439045
2.5439045
2.5439045
2.5439045
2.5439045
2.5439045
2.5439045
2.5439045
2.5439045
2.5439045
2.5439045
2.5439045
2.5439045
2.5439045
2.5439045
2.5439045
2.5439045
13
13
13
13
2.5439045
2.5439045
2.5439045
2.5439045
2.5439045
2.5439045
2.5439045
2.5439045
2.5439045
2.5439045
2.5439045
2.5439045
2.5439045
2.5439045
2.5439045
2.5439045
2.5439045
2.5439045
2.5439045
2.5439045
2.5439045
13
13
13
13
2.5439045
2.5439045
2.5439045
2.5439045
2.5439045
2.5439045
2.5439045
2.5439045
2.5439045
2.5439045
2.5439045
2.5439045
2.5439045
2.5439045
2.5439045
2.5439045
2.5439045
2.5439045
2.5439045
2.5439045
2.5439045
13
13
13
13
2.5439045
2.5439045
2.5439045
2.5439045
2.5439045
2.5439045
2.5439045
2.5439045
2.5439045
2.5439045
2.5439045
2.5439045
2.5439045
2.5439045
2.5439045
2.5439045
2.5439045
2.5439045
2.5439045
2.5439045
2.5439045
13
13
13
13
2.5439045
2.5439045
2.5439045
2.5439045
2.5439045
2.5439045
2.5439045
2.5439045
2.5439045
2.5439045
2.5439045
2.5439045
2.5439045
2.5439045
2.5439045
2.5439045
2.5439045
2.5439045
2.5439045
2.5439045
2.5439045
13
13
13
13
2.5439045
2.5439045
2.5439045
2.5439045
2.5439045
2.5439045
2.5439045
2.5439045
2.5439045
2.5439045
2.5439045
2.5439045
2.5439045
2.5439045
2.5439045
2.5439045
2.5439045
2.5439045
2.5439045
2.5439045
2.5439045
13
13
13
13
2.5439045
2.5439045
2.5439045
2.5439045
2.5439045
2.5439045
2.5439045
2.5439045
2.5439045
2.5439045
2.5439045
2.5439045
2.5439045
2.5439045
2.5439045
2.5439045
2.5439045
2.5439045
2.5439045
2.5439045
2.5439045
13
13
13
13
2.5439045
2.5439045
2.5439045
2.5439045
2.5439045
2.5439045
2.5439045
2.5439045
2.5439045
2.5439045
2.5439045
2.5439045
2.5439045
2.5439045
2.5439045
2.5439045
2.5439045
2.5439045
2.5439045
2.5439045
2.5439045
13
13
13
13
2.5439045
2.5439045
2.5439045
2.5439045
2.5439045
2.5439045
2.5439045
2.5439045
2.5439045
2.5439045
2.5439045
2.5439045
2.5439045
2.5439045
2.5439045
2.5439045
2.5439045
2.5439045
2.5439045
2.5439045
2.5439045
13
13
13
13
2.5439045
2.5439045
2.5439045
2.5439045
2.5439045
2.5439045
2.5439045
2.5439045
2.5439045
2.5439045
2.5439045
2.5439045
2.5439045
2.5439045
2.5439045
2.5439045
2.5439045
2.5439045
2.5439045
2.5439045
2.5439045
13
13
13
13
2.5439045
2.5439045
2.5439045
2.5439045
2.5439045
2.5439045
2.5439045
2.5439045
2.5439045
2.5439045
2.5439045
2.5439045
2.5439045
2.5439045
2.5439045
2.5439045
2.5439045
2.5439045
2.5439045
2.5439045
2.5439045
13
13
13
13
2.5439045
2.5439045
2.5439045
2.5439045
2.5439045
2.5439045
2.5439045
2.5439045
2.5439045
2.5439045
2.5439045
2.5439045
2.5439045
2.5439045
2.5439045
2.5439045
2.5439045
2.5439045
2.5439045
2.5439045
2.5439045
13
13
13
13
13
13
13
13
13
13
13
13
13
13
13
13
13
13
13
13
13
13
13
13
13
13
13
13
13
13
13
13
13
13
13
13
13
13
13
13
13
13
13
13
13
13
13
13
13
13
13
13

/

crown	height	for	each	tree.
&indivhtcrown
nodates = 1
values = 21.359762
21.359762
21.359762
21.359762
21.359762
21.359762
21.359762
21.359762
21.359762
21.359762
21.359762
21.359762
21.359762
21.359762
21.359762
21.359762
21.359762
21.359762
21.359762
21.359762
21.359762
21.359762
21.359762
21.359762
21.359762
21.359762
21.359762
21.359762
21.359762
21.359762
21.359762
21.359762
21.359762
21.359762
21.359762
21.359762
21.359762
21.359762
21.359762
21.359762
21.359762
21.359762
21.359762
21.359762
21.359762
21.359762
21.359762
21.359762
21.359762
21.359762
21.359762
21.359762
6.359762
6.359762
6.359762
6.359762
6.359762
6.359762
6.359762
6.359762
6.359762
6.359762
6.359762
6.359762
6.359762
6.359762
6.359762
6.359762
6.359762
6.359762
6.359762
6.359762
6.359762
21.359762
21.359762
21.359762
21.359762
6.359762
6.359762
6.359762
6.359762
6.359762
6.359762
6.359762
6.359762
6.359762
6.359762
6.359762
6.359762
6.359762
6.359762
6.359762
6.359762
6.359762
6.359762
6.359762
6.359762
6.359762
21.359762
21.359762
21.359762
21.359762
6.359762
6.359762
6.359762
6.359762
6.359762
6.359762
6.359762
6.359762
6.359762
6.359762
6.359762
6.359762
6.359762
6.359762
6.359762
6.359762
6.359762
6.359762
6.359762
6.359762
6.359762
21.359762
21.359762
21.359762
21.359762
6.359762
6.359762
6.359762
6.359762
6.359762
6.359762
6.359762
6.359762
6.359762
6.359762
6.359762
6.359762
6.359762
6.359762
6.359762
6.359762
6.359762
6.359762
6.359762
6.359762
6.359762
21.359762
21.359762
21.359762
21.359762
6.359762
6.359762
6.359762
6.359762
6.359762
6.359762
6.359762
6.359762
6.359762
6.359762
6.359762
6.359762
6.359762
6.359762
6.359762
6.359762
6.359762
6.359762
6.359762
6.359762
6.359762
21.359762
21.359762
21.359762
21.359762
6.359762
6.359762
6.359762
6.359762
6.359762
6.359762
6.359762
6.359762
6.359762
6.359762
6.359762
6.359762
6.359762
6.359762
6.359762
6.359762
6.359762
6.359762
6.359762
6.359762
6.359762
21.359762
21.359762
21.359762
21.359762
6.359762
6.359762
6.359762
6.359762
6.359762
6.359762
6.359762
6.359762
6.359762
6.359762
6.359762
6.359762
6.359762
6.359762
6.359762
6.359762
6.359762
6.359762
6.359762
6.359762
6.359762
21.359762
21.359762
21.359762
21.359762
6.359762
6.359762
6.359762
6.359762
6.359762
6.359762
6.359762
6.359762
6.359762
6.359762
6.359762
6.359762
6.359762
6.359762
6.359762
6.359762
6.359762
6.359762
6.359762
6.359762
6.359762
21.359762
21.359762
21.359762
21.359762
6.359762
6.359762
6.359762
6.359762
6.359762
6.359762
6.359762
6.359762
6.359762
6.359762
6.359762
6.359762
6.359762
6.359762
6.359762
6.359762
6.359762
6.359762
6.359762
6.359762
6.359762
21.359762
21.359762
21.359762
21.359762
6.359762
6.359762
6.359762
6.359762
6.359762
6.359762
6.359762
6.359762
6.359762
6.359762
6.359762
6.359762
6.359762
6.359762
6.359762
6.359762
6.359762
6.359762
6.359762
6.359762
6.359762
21.359762
21.359762
21.359762
21.359762
6.359762
6.359762
6.359762
6.359762
6.359762
6.359762
6.359762
6.359762
6.359762
6.359762
6.359762
6.359762
6.359762
6.359762
6.359762
6.359762
6.359762
6.359762
6.359762
6.359762
6.359762
21.359762
21.359762
21.359762
21.359762
6.359762
6.359762
6.359762
6.359762
6.359762
6.359762
6.359762
6.359762
6.359762
6.359762
6.359762
6.359762
6.359762
6.359762
6.359762
6.359762
6.359762
6.359762
6.359762
6.359762
6.359762
21.359762
21.359762
21.359762
21.359762
6.359762
6.359762
6.359762
6.359762
6.359762
6.359762
6.359762
6.359762
6.359762
6.359762
6.359762
6.359762
6.359762
6.359762
6.359762
6.359762
6.359762
6.359762
6.359762
6.359762
6.359762
21.359762
21.359762
21.359762
21.359762
6.359762
6.359762
6.359762
6.359762
6.359762
6.359762
6.359762
6.359762
6.359762
6.359762
6.359762
6.359762
6.359762
6.359762
6.359762
6.359762
6.359762
6.359762
6.359762
6.359762
6.359762
21.359762
21.359762
21.359762
21.359762
6.359762
6.359762
6.359762
6.359762
6.359762
6.359762
6.359762
6.359762
6.359762
6.359762
6.359762
6.359762
6.359762
6.359762
6.359762
6.359762
6.359762
6.359762
6.359762
6.359762
6.359762
21.359762
21.359762
21.359762
21.359762
6.359762
6.359762
6.359762
6.359762
6.359762
6.359762
6.359762
6.359762
6.359762
6.359762
6.359762
6.359762
6.359762
6.359762
6.359762
6.359762
6.359762
6.359762
6.359762
6.359762
6.359762
21.359762
21.359762
21.359762
21.359762
6.359762
6.359762
6.359762
6.359762
6.359762
6.359762
6.359762
6.359762
6.359762
6.359762
6.359762
6.359762
6.359762
6.359762
6.359762
6.359762
6.359762
6.359762
6.359762
6.359762
6.359762
21.359762
21.359762
21.359762
21.359762
6.359762
6.359762
6.359762
6.359762
6.359762
6.359762
6.359762
6.359762
6.359762
6.359762
6.359762
6.359762
6.359762
6.359762
6.359762
6.359762
6.359762
6.359762
6.359762
6.359762
6.359762
21.359762
21.359762
21.359762
21.359762
6.359762
6.359762
6.359762
6.359762
6.359762
6.359762
6.359762
6.359762
6.359762
6.359762
6.359762
6.359762
6.359762
6.359762
6.359762
6.359762
6.359762
6.359762
6.359762
6.359762
6.359762
21.359762
21.359762
21.359762
21.359762
6.359762
6.359762
6.359762
6.359762
6.359762
6.359762
6.359762
6.359762
6.359762
6.359762
6.359762
6.359762
6.359762
6.359762
6.359762
6.359762
6.359762
6.359762
6.359762
6.359762
6.359762
21.359762
21.359762
21.359762
21.359762
6.359762
6.359762
6.359762
6.359762
6.359762
6.359762
6.359762
6.359762
6.359762
6.359762
6.359762
6.359762
6.359762
6.359762
6.359762
6.359762
6.359762
6.359762
6.359762
6.359762
6.359762
21.359762
21.359762
21.359762
21.359762
21.359762
21.359762
21.359762
21.359762
21.359762
21.359762
21.359762
21.359762
21.359762
21.359762
21.359762
21.359762
21.359762
21.359762
21.359762
21.359762
21.359762
21.359762
21.359762
21.359762
21.359762
21.359762
21.359762
21.359762
21.359762
21.359762
21.359762
21.359762
21.359762
21.359762
21.359762
21.359762
21.359762
21.359762
21.359762
21.359762
21.359762
21.359762
21.359762
21.359762
21.359762
21.359762
21.359762
21.359762
21.359762
21.359762
21.359762
21.359762

/

stem	diameter	for	each	tree
&indivdiam
nodates = 1
values = 0.3 0.3 0.3 0.3 0.3 0.3 0.3 0.3 0.3 0.3 0.3 0.3 0.3 0.3 0.3 0.3 0.3 0.3 0.3 0.3 0.3 0.3 0.3 0.3 0.3 0.3 0.3 0.3 0.3 0.3 0.3 0.3 0.3 0.3 0.3 0.3 0.3 0.3 0.3 0.3 0.3 0.3 0.3 0.3 0.3 0.3 0.3 0.3 0.3 0.3 0.3 0.3 0.3 0.3 0.3 0.3 0.3 0.3 0.3 0.3 0.3 0.3 0.3 0.3 0.3 0.3 0.3 0.3 0.3 0.3 0.3 0.3 0.3 0.3 0.3 0.3 0.3 0.3 0.3 0.3 0.3 0.3 0.3 0.3 0.3 0.3 0.3 0.3 0.3 0.3 0.3 0.3 0.3 0.3 0.3 0.3 0.3 0.3 0.3 0.3 0.3 0.3 0.3 0.3 0.3 0.3 0.3 0.3 0.3 0.3 0.3 0.3 0.3 0.3 0.3 0.3 0.3 0.3 0.3 0.3 0.3 0.3 0.3 0.3 0.3 0.3 0.3 0.3 0.3 0.3 0.3 0.3 0.3 0.3 0.3 0.3 0.3 0.3 0.3 0.3 0.3 0.3 0.3 0.3 0.3 0.3 0.3 0.3 0.3 0.3 0.3 0.3 0.3 0.3 0.3 0.3 0.3 0.3 0.3 0.3 0.3 0.3 0.3 0.3 0.3 0.3 0.3 0.3 0.3 0.3 0.3 0.3 0.3 0.3 0.3 0.3 0.3 0.3 0.3 0.3 0.3 0.3 0.3 0.3 0.3 0.3 0.3 0.3 0.3 0.3 0.3 0.3 0.3 0.3 0.3 0.3 0.3 0.3 0.3 0.3 0.3 0.3 0.3 0.3 0.3 0.3 0.3 0.3 0.3 0.3 0.3 0.3 0.3 0.3 0.3 0.3 0.3 0.3 0.3 0.3 0.3 0.3 0.3 0.3 0.3 0.3 0.3 0.3 0.3 0.3 0.3 0.3 0.3 0.3 0.3 0.3 0.3 0.3 0.3 0.3 0.3 0.3 0.3 0.3 0.3 0.3 0.3 0.3 0.3 0.3 0.3 0.3 0.3 0.3 0.3 0.3 0.3 0.3 0.3 0.3 0.3 0.3 0.3 0.3 0.3 0.3 0.3 0.3 0.3 0.3 0.3 0.3 0.3 0.3 0.3 0.3 0.3 0.3 0.3 0.3 0.3 0.3 0.3 0.3 0.3 0.3 0.3 0.3 0.3 0.3 0.3 0.3 0.3 0.3 0.3 0.3 0.3 0.3 0.3 0.3 0.3 0.3 0.3 0.3 0.3 0.3 0.3 0.3 0.3 0.3 0.3 0.3 0.3 0.3 0.3 0.3 0.3 0.3 0.3 0.3 0.3 0.3 0.3 0.3 0.3 0.3 0.3 0.3 0.3 0.3 0.3 0.3 0.3 0.3 0.3 0.3 0.3 0.3 0.3 0.3 0.3 0.3 0.3 0.3 0.3 0.3 0.3 0.3 0.3 0.3 0.3 0.3 0.3 0.3 0.3 0.3 0.3 0.3 0.3 0.3 0.3 0.3 0.3 0.3 0.3 0.3 0.3 0.3 0.3 0.3 0.3 0.3 0.3 0.3 0.3 0.3 0.3 0.3 0.3 0.3 0.3 0.3 0.3 0.3 0.3 0.3 0.3 0.3 0.3 0.3 0.3 0.3 0.3 0.3 0.3 0.3 0.3 0.3 0.3 0.3 0.3 0.3 0.3 0.3 0.3 0.3 0.3 0.3 0.3 0.3 0.3 0.3 0.3 0.3 0.3 0.3 0.3 0.3 0.3 0.3 0.3 0.3 0.3 0.3 0.3 0.3 0.3 0.3 0.3 0.3 0.3 0.3 0.3 0.3 0.3 0.3 0.3 0.3 0.3 0.3 0.3 0.3 0.3 0.3 0.3 0.3 0.3 0.3 0.3 0.3 0.3 0.3 0.3 0.3 0.3 0.3 0.3 0.3 0.3 0.3 0.3 0.3 0.3 0.3 0.3 0.3 0.3 0.3 0.3 0.3 0.3 0.3 0.3 0.3 0.3 0.3 0.3 0.3 0.3 0.3 0.3 0.3 0.3 0.3 0.3 0.3 0.3 0.3 0.3 0.3 0.3 0.3 0.3 0.3 0.3 0.3 0.3 0.3 0.3 0.3 0.3 0.3 0.3 0.3 0.3 0.3 0.3 0.3 0.3 0.3 0.3 0.3 0.3 0.3 0.3 0.3 0.3 0.3 0.3 0.3 0.3 0.3 0.3 0.3 0.3 0.3 0.3 0.3 0.3 0.3 0.3 0.3 0.3 0.3 0.3 0.3 0.3 0.3 0.3 0.3 0.3 0.3 0.3 0.3 0.3 0.3 0.3 0.3 0.3 0.3 0.3 0.3 0.3 0.3 0.3 0.3 0.3 0.3 0.3 0.3 0.3 0.3 0.3 0.3 0.3 0.3 0.3 0.3 0.3 0.3 0.3 0.3 0.3 0.3 0.3 0.3 0.3 0.3 0.3 0.3 0.3 0.3 0.3 0.3 0.3 0.3 0.3 0.3 0.3 0.3 0.3 0.3 0.3 0.3 0.3 0.3 0.3 0.3 0.3 0.3 0.3 0.3 0.3 0.3 0.3 0.3 0.3 0.3 0.3 0.3 0.3 0.3 0.3 0.3 0.3 0.3 0.3 0.3 0.3 0.3 0.3 0.3 0.3 0.3 0.3
/

trunk	height
&indivhttrunk
nodates = 1
values = 0.001 0.001 0.001 0.001 0.001 0.001 0.001 0.001 0.001 0.001 0.001 0.001 0.001 0.001 0.001 0.001 0.001 0.001 0.001 0.001 0.001 0.001 0.001 0.001 0.001 0.001 0.001 0.001 0.001 0.001 0.001 0.001 0.001 0.001 0.001 0.001 0.001 0.001 0.001 0.001 0.001 0.001 0.001 0.001 0.001 0.001 0.001 0.001 0.001 0.001 0.001 0.001 6.53 25.75 29.85 12.25 7.17 19.27 13.99 33.01 14.71 20.17 15.21 9.43 16.42 1.46 25.99 16.15 31.29 18.57 9.68 19.58 7.99 0.001 0.001 0.001 0.001 15.56 10.58 10.73 13.99 23.84 3.57 19.45 17.5 22.97 12.72 17.78 17 10.93 24.06 23.7 20.25 26.9 19.19 5.43 10.7 5.82 0.001 0.001 0.001 0.001 16.19 10.09 28.25 20.38 21.83 17.88 27.62 10.23 11.54 25.74 10.12 13.44 12.05 12.6 12.91 18.71 13.67 11.21 25.07 13.39 13.65 0.001 0.001 0.001 0.001 9.89 12.57 15.45 10.58 18.99 3.61 17.3 3.48 12.74 11.04 10.11 14.57 0.64 23.82 2.51 11.52 6.63 9.37 30.65 15.13 5.35 0.001 0.001 0.001 0.001 8.03 3.84 6.94 22.5 10.34 4.62 29.02 18.19 13.21 22.94 21.65 10.36 31.55 13.09 4.32 13.92 16.56 32.31 15.79 18.43 14.42 0.001 0.001 0.001 0.001 22.71 24.06 5.77 22.38 16.65 4 18.91 13.81 25.98 9.25 11.77 8.05 13.67 18.02 9.51 21.23 5.94 7.14 25.81 7.38 18.09 0.001 0.001 0.001 0.001 12.52 33.73 20 19.06 14.9 18.83 13.77 18.16 12 4.72 22.41 26.4 12.68 5.6 19.82 14.66 2 15.02 10.27 12.44 6.33 0.001 0.001 0.001 0.001 16.97 7.61 10.2 19.28 14.55 14.26 19.21 6.1 23.23 14.96 20.3 22.76 16.68 8.41 23.72 10.91 13.08 13.75 22.65 16.02 18.05 0.001 0.001 0.001 0.001 19.3 17.81 11.81 22.13 12.08 12.87 21.43 27.9 17.03 11.83 6.08 12.52 7.95 13.06 17.96 8.61 34.87 16.17 23.48 20.56 5.13 0.001 0.001 0.001 0.001 9.74 10.65 7.49 9.99 22.09 18.25 22.54 12.07 17.82 16.83 4.3 28.34 16.01 20.74 22.16 14.62 12.71 21.7 7.15 29.79 12.12 0.001 0.001 0.001 0.001 7.32 17.42 22.83 15.74 11.59 10.08 14.73 23.02 11.37 14.09 3.75 18.71 24.81 26.23 21.11 0.98 18.62 18.42 12.35 16.28 8.52 0.001 0.001 0.001 0.001 25.23 12.49 20.5 22.1 15.03 12.36 11.03 20.55 7.02 16.85 12.83 4.43 21.87 13.57 21.02 29.16 26.05 20.08 17.85 13.55 26.83 0.001 0.001 0.001 0.001 13.54 24.86 10.23 11.78 13.73 19.59 20.09 19.26 10.71 4.78 12.08 17.08 8.83 14.48 6.24 14.94 15.97 13.91 13.77 28.23 20.72 0.001 0.001 0.001 0.001 14.58 17.59 0.71 8.92 24.93 19.62 23.19 17.3 14.17 8.07 26.95 15.34 9.64 21.49 23.06 29.22 10.48 12.07 11.88 12.18 12.25 0.001 0.001 0.001 0.001 19.89 23.44 9.21 11.19 18.93 22.63 13.12 4.28 27.82 25.76 9.67 14.51 1.8 19.27 27.09 2.72 9.15 10.19 9.89 18.76 3.51 0.001 0.001 0.001 0.001 14.81 10.14 19.85 11.75 28.29 14.86 21.4 16.54 4.75 11.82 16.78 22.21 10.47 9.35 3.33 4.1 15.42 18.82 7.47 19.02 11.6 0.001 0.001 0.001 0.001 17.1 9.71 19.71 26.1 23.13 8.9 2.86 14.18 18.31 25.13 5.11 17.73 16.75 23.95 14.79 12.32 6.4 11.12 12.28 32.63 33.35 0.001 0.001 0.001 0.001 6.82 32.13 8.36 15.83 43.58 6.68 17.31 6.7 17.61 8.45 15.58 12.77 6.13 15.08 22.44 26.95 4.7 13.13 23.7 6.64 7.98 0.001 0.001 0.001 0.001 11.83 17.81 12.25 23.93 9.47 17.18 8.36 16.56 14.64 2.37 13.92 23.85 20.11 16.07 6.06 23.77 15.59 11.61 27.32 9.23 17.28 0.001 0.001 0.001 0.001 17.66 18.85 15.14 24.89 14.51 9.75 19.03 17.94 18.73 13.31 6.62 12.04 26.62 9.42 21.09 11.24 11.17 5.88 14.83 20.26 10.59 0.001 0.001 0.001 0.001 10.31 21.75 7.54 21.37 21.04 11.49 21.36 22.4 19.32 30.19 0.28 6.26 4.68 16.26 26.88 27.58 18.66 21.59 13.91 18.52 17.82 0.001 0.001 0.001 0.001 0.001 0.001 0.001 0.001 0.001 0.001 0.001 0.001 0.001 0.001 0.001 0.001 0.001 0.001 0.001 0.001 0.001 0.001 0.001 0.001 0.001 0.001 0.001 0.001 0.001 0.001 0.001 0.001 0.001 0.001 0.001 0.001 0.001 0.001 0.001 0.001 0.001 0.001 0.001 0.001 0.001 0.001 0.001 0.001 0.001 0.001 0.001 0.001
/

leaf	area
&indivlarea
nodates = 1
values = 900
900
900
900
900
900
900
900
900
900
900
900
900
900
900
900
900
900
900
900
900
900
900
900
900
900
900
900
900
900
900
900
900
900
900
900
900
900
900
900
900
900
900
900
900
900
900
900
900
900
900
900
47.62
47.62
47.62
47.62
47.62
47.62
47.62
47.62
47.62
47.62
47.62
47.62
47.62
47.62
47.62
47.62
47.62
47.62
47.62
47.62
47.62
900
900
900
900
47.62
47.62
47.62
47.62
47.62
47.62
47.62
47.62
47.62
47.62
47.62
47.62
47.62
47.62
47.62
47.62
47.62
47.62
47.62
47.62
47.62
900
900
900
900
47.62
47.62
47.62
47.62
47.62
47.62
47.62
47.62
47.62
47.62
47.62
47.62
47.62
47.62
47.62
47.62
47.62
47.62
47.62
47.62
47.62
900
900
900
900
47.62
47.62
47.62
47.62
47.62
47.62
47.62
47.62
47.62
47.62
47.62
47.62
47.62
47.62
47.62
47.62
47.62
47.62
47.62
47.62
47.62
900
900
900
900
47.62
47.62
47.62
47.62
47.62
47.62
47.62
47.62
47.62
47.62
47.62
47.62
47.62
47.62
47.62
47.62
47.62
47.62
47.62
47.62
47.62
900
900
900
900
47.62
47.62
47.62
47.62
47.62
47.62
47.62
47.62
47.62
47.62
47.62
47.62
47.62
47.62
47.62
47.62
47.62
47.62
47.62
47.62
47.62
900
900
900
900
47.62
47.62
47.62
47.62
47.62
47.62
47.62
47.62
47.62
47.62
47.62
47.62
47.62
47.62
47.62
47.62
47.62
47.62
47.62
47.62
47.62
900
900
900
900
47.62
47.62
47.62
47.62
47.62
47.62
47.62
47.62
47.62
47.62
47.62
47.62
47.62
47.62
47.62
47.62
47.62
47.62
47.62
47.62
47.62
900
900
900
900
47.62
47.62
47.62
47.62
47.62
47.62
47.62
47.62
47.62
47.62
47.62
47.62
47.62
47.62
47.62
47.62
47.62
47.62
47.62
47.62
47.62
900
900
900
900
47.62
47.62
47.62
47.62
47.62
47.62
47.62
47.62
47.62
47.62
47.62
47.62
47.62
47.62
47.62
47.62
47.62
47.62
47.62
47.62
47.62
900
900
900
900
47.62
47.62
47.62
47.62
47.62
47.62
47.62
47.62
47.62
47.62
47.62
47.62
47.62
47.62
47.62
47.62
47.62
47.62
47.62
47.62
47.62
900
900
900
900
47.62
47.62
47.62
47.62
47.62
47.62
47.62
47.62
47.62
47.62
47.62
47.62
47.62
47.62
47.62
47.62
47.62
47.62
47.62
47.62
47.62
900
900
900
900
47.62
47.62
47.62
47.62
47.62
47.62
47.62
47.62
47.62
47.62
47.62
47.62
47.62
47.62
47.62
47.62
47.62
47.62
47.62
47.62
47.62
900
900
900
900
47.62
47.62
47.62
47.62
47.62
47.62
47.62
47.62
47.62
47.62
47.62
47.62
47.62
47.62
47.62
47.62
47.62
47.62
47.62
47.62
47.62
900
900
900
900
47.62
47.62
47.62
47.62
47.62
47.62
47.62
47.62
47.62
47.62
47.62
47.62
47.62
47.62
47.62
47.62
47.62
47.62
47.62
47.62
47.62
900
900
900
900
47.62
47.62
47.62
47.62
47.62
47.62
47.62
47.62
47.62
47.62
47.62
47.62
47.62
47.62
47.62
47.62
47.62
47.62
47.62
47.62
47.62
900
900
900
900
47.62
47.62
47.62
47.62
47.62
47.62
47.62
47.62
47.62
47.62
47.62
47.62
47.62
47.62
47.62
47.62
47.62
47.62
47.62
47.62
47.62
900
900
900
900
47.62
47.62
47.62
47.62
47.62
47.62
47.62
47.62
47.62
47.62
47.62
47.62
47.62
47.62
47.62
47.62
47.62
47.62
47.62
47.62
47.62
900
900
900
900
47.62
47.62
47.62
47.62
47.62
47.62
47.62
47.62
47.62
47.62
47.62
47.62
47.62
47.62
47.62
47.62
47.62
47.62
47.62
47.62
47.62
900
900
900
900
47.62
47.62
47.62
47.62
47.62
47.62
47.62
47.62
47.62
47.62
47.62
47.62
47.62
47.62
47.62
47.62
47.62
47.62
47.62
47.62
47.62
900
900
900
900
47.62
47.62
47.62
47.62
47.62
47.62
47.62
47.62
47.62
47.62
47.62
47.62
47.62
47.62
47.62
47.62
47.62
47.62
47.62
47.62
47.62
900
900
900
900
900
900
900
900
900
900
900
900
900
900
900
900
900
900
900
900
900
900
900
900
900
900
900
900
900
900
900
900
900
900
900
900
900
900
900
900
900
900
900
900
900
900
900
900
900
900
900
900 

/

