   -3.2134    -2.7216    -2.1704    -1.8427    -1.6935    -2.4867    -4.3561    -4.1609    -3.7752    -4.2011    -4.6420    -4.9761    -4.9637    -4.9266    -4.8054    -4.6078    -4.3987    -4.1910    -4.0144    -3.8560
   -0.0627    -2.7216    -2.1704    -1.8427    -1.6935    -2.4867    -4.3561    -4.1609    -3.7752    -4.2011    -4.6419    -4.9761    -4.9637    -4.9266    -4.8054    -4.6078    -4.3987    -4.1910    -4.0144    -3.8560
   -0.0283    -2.7216    -2.1704    -1.8427    -1.6935    -2.4867    -4.3561    -4.1609    -3.7752    -4.2011    -4.6419    -4.9761    -4.9637    -4.9266    -4.8054    -4.6078    -4.3987    -4.1910    -4.0144    -3.8560
   -0.0269    -2.7213    -2.1704    -1.8427    -1.6935    -2.4867    -4.3561    -4.1609    -3.7752    -4.2011    -4.6419    -4.9761    -4.9637    -4.9266    -4.8054    -4.6078    -4.3987    -4.1910    -4.0144    -3.8560
   -0.0269    -2.7211    -2.1704    -1.8427    -1.6935    -2.4867    -4.3561    -4.1609    -3.7752    -4.2011    -4.6419    -4.9761    -4.9637    -4.9266    -4.8054    -4.6078    -4.3987    -4.1910    -4.0144    -3.8560
   -0.0269    -2.7209    -2.1704    -1.8427    -1.6935    -2.4867    -4.3561    -4.1609    -3.7752    -4.2011    -4.6419    -4.9761    -4.9637    -4.9266    -4.8054    -4.6078    -4.3987    -4.1910    -4.0144    -3.8560
   -0.0269    -2.7206    -2.1704    -1.8427    -1.6935    -2.4867    -4.3561    -4.1609    -3.7752    -4.2011    -4.6419    -4.9761    -4.9637    -4.9266    -4.8054    -4.6078    -4.3987    -4.1910    -4.0144    -3.8560
   -0.0269    -2.7204    -2.1704    -1.8427    -1.6935    -2.4867    -4.3561    -4.1609    -3.7752    -4.2011    -4.6419    -4.9761    -4.9637    -4.9266    -4.8054    -4.6078    -4.3987    -4.1910    -4.0144    -3.8560
   -0.0269    -2.7201    -2.1704    -1.8427    -1.6935    -2.4867    -4.3561    -4.1609    -3.7752    -4.2011    -4.6419    -4.9761    -4.9637    -4.9266    -4.8054    -4.6078    -4.3987    -4.1910    -4.0144    -3.8560
   -0.0187    -2.7199    -2.1704    -1.8427    -1.6935    -2.4867    -4.3561    -4.1609    -3.7752    -4.2011    -4.6419    -4.9761    -4.9637    -4.9266    -4.8054    -4.6078    -4.3987    -4.1910    -4.0144    -3.8560
   -0.0130    -2.7192    -2.1704    -1.8427    -1.6935    -2.4867    -4.3561    -4.1609    -3.7752    -4.2011    -4.6419    -4.9761    -4.9637    -4.9266    -4.8054    -4.6078    -4.3987    -4.1910    -4.0144    -3.8560
   -0.0130    -2.7175    -2.1704    -1.8427    -1.6935    -2.4867    -4.3561    -4.1609    -3.7752    -4.2011    -4.6419    -4.9761    -4.9637    -4.9266    -4.8054    -4.6078    -4.3987    -4.1910    -4.0144    -3.8560
   -0.0130    -2.7157    -2.1704    -1.8427    -1.6935    -2.4867    -4.3561    -4.1609    -3.7752    -4.2011    -4.6419    -4.9761    -4.9637    -4.9266    -4.8054    -4.6078    -4.3987    -4.1910    -4.0144    -3.8560
   -0.0130    -2.7139    -2.1704    -1.8427    -1.6935    -2.4867    -4.3561    -4.1609    -3.7752    -4.2011    -4.6419    -4.9761    -4.9637    -4.9266    -4.8054    -4.6078    -4.3987    -4.1910    -4.0144    -3.8560
   -0.0130    -2.7122    -2.1704    -1.8427    -1.6935    -2.4867    -4.3561    -4.1609    -3.7752    -4.2011    -4.6419    -4.9761    -4.9637    -4.9266    -4.8054    -4.6078    -4.3987    -4.1910    -4.0144    -3.8560
   -0.0130    -2.7104    -2.1704    -1.8427    -1.6935    -2.4867    -4.3561    -4.1609    -3.7752    -4.2011    -4.6419    -4.9761    -4.9637    -4.9266    -4.8054    -4.6078    -4.3987    -4.1910    -4.0144    -3.8560
   -0.0130    -2.7087    -2.1704    -1.8427    -1.6935    -2.4867    -4.3561    -4.1609    -3.7752    -4.2011    -4.6419    -4.9761    -4.9637    -4.9266    -4.8054    -4.6078    -4.3987    -4.1910    -4.0144    -3.8560
   -0.0130    -2.7070    -2.1704    -1.8427    -1.6935    -2.4867    -4.3561    -4.1609    -3.7752    -4.2011    -4.6419    -4.9761    -4.9637    -4.9266    -4.8054    -4.6078    -4.3987    -4.1910    -4.0144    -3.8560
   -0.0130    -2.7052    -2.1704    -1.8427    -1.6935    -2.4867    -4.3561    -4.1609    -3.7752    -4.2011    -4.6419    -4.9761    -4.9637    -4.9266    -4.8054    -4.6078    -4.3987    -4.1910    -4.0144    -3.8560
   -0.0130    -2.7035    -2.1704    -1.8427    -1.6935    -2.4867    -4.3561    -4.1609    -3.7752    -4.2011    -4.6419    -4.9761    -4.9637    -4.9266    -4.8054    -4.6078    -4.3987    -4.1910    -4.0144    -3.8560
   -0.0130    -2.7018    -2.1704    -1.8427    -1.6935    -2.4867    -4.3561    -4.1609    -3.7752    -4.2011    -4.6419    -4.9761    -4.9637    -4.9266    -4.8054    -4.6078    -4.3987    -4.1910    -4.0144    -3.8560
   -0.0130    -2.7000    -2.1704    -1.8427    -1.6935    -2.4867    -4.3561    -4.1609    -3.7752    -4.2011    -4.6419    -4.9761    -4.9637    -4.9266    -4.8054    -4.6078    -4.3987    -4.1910    -4.0144    -3.8560
   -0.0093    -2.6983    -2.1704    -1.8427    -1.6935    -2.4867    -4.3561    -4.1609    -3.7752    -4.2011    -4.6419    -4.9761    -4.9637    -4.9266    -4.8054    -4.6078    -4.3987    -4.1910    -4.0144    -3.8560
   -0.0092    -2.6941    -2.1704    -1.8427    -1.6935    -2.4867    -4.3561    -4.1609    -3.7752    -4.2011    -4.6419    -4.9761    -4.9637    -4.9266    -4.8054    -4.6078    -4.3987    -4.1910    -4.0144    -3.8560
