   1       0.9483   0.9907   0.9545
   2       0.9482   0.9926   0.9614
   3       0.9483   0.9958   0.9732
   4       0.9472   0.9960   0.9743
   5       0.9473   0.9950   0.9701
   6       0.9476   0.9915   0.9561
   7       0.9266   0.9985   0.9832
   8       0.9275   0.9955   0.9712
   9       0.9282   0.9950   0.9686
  10       0.9167   0.9961   0.9734
  11       0.9172   0.9942   0.9653
  12       0.9178   0.9909   0.9522
  13       0.9131   0.9991   0.9838
  14       0.8977   0.9952   0.9683
  15       0.8955   0.9949   0.9665
  16       0.8900   0.9972   0.9751
  17       0.8874   0.9974   0.9756
  18       0.8868   0.9964   0.9714
  19       0.9484   0.9804   0.9387
  20       0.9484   0.9799   0.9375
  21       0.9484   0.9800   0.9377
  22       0.9431   0.9812   0.9466
  23       0.9427   0.9780   0.9387
  24       0.9427   0.9776   0.9377
  25       0.9262   0.9923   0.9758
  26       0.9257   0.9861   0.9596
  27       0.9257   0.9812   0.9422
  28       0.9174   0.9961   0.9733
  29       0.9215   0.9855   0.9571
  30       0.9229   0.9844   0.9553
  31       0.9132   0.9960   0.9720
  32       0.9136   0.9924   0.9574
  33       0.9140   0.9919   0.9549
  34       0.9038   0.9954   0.9682
  35       0.9057   0.9949   0.9661
  36       0.9057   0.9948   0.9655
  37       0.9486   0.9786   0.9368
  38       0.9491   0.9767   0.9335
  39       0.9498   0.9763   0.9327
  40       0.9431   0.9845   0.9559
  41       0.9417   0.9803   0.9427
  42       0.9410   0.9793   0.9392
  43       0.9261   0.9894   0.9722
  44       0.9263   0.9873   0.9696
  45       0.9266   0.9862   0.9648
  46       0.9169   0.9962   0.9736
  47       0.9170   0.9948   0.9679
  48       0.9173   0.9948   0.9668
  49       0.9132   0.9948   0.9671
  50       0.9137   0.9943   0.9647
  51       0.9107   0.9944   0.9644
  52       0.9026   0.9955   0.9687
  53       0.9066   0.9951   0.9669
  54       0.9066   0.9950   0.9663
  55       0.9482   0.9833   0.9478
  56       0.9483   0.9863   0.9561
  57       0.9485   0.9871   0.9570
  58       0.9472   0.9958   0.9735
  59       0.9443   0.9985   0.9834
  60       0.9439   0.9980   0.9810
  61       0.9267   0.9985   0.9832
  62       0.9286   0.9987   0.9834
  63       0.9328   0.9945   0.9668
  64       0.9167   0.9988   0.9835
  65       0.9168   0.9990   0.9837
  66       0.9171   0.9988   0.9825
  67       0.9132   0.9966   0.9740
  68       0.9137   0.9974   0.9767
  69       0.9139   0.9982   0.9792
  70       0.8909   0.9978   0.9776
  71       0.8927   0.9997   0.9845
  72       0.8920   0.9998   0.9846
